114,0
79,0
108,0
43,0
146,0
120,0
30,0
136,0
29,0
128,0
132,0
133,0
146,0
13,0
74,0
4,0
110,0
134,0
127,0
137,0
151,0
133,0
1,0
47,0
5,0
108,0
13,0
111,0
77,0
88,0
54,0
6,0
90,0
113,0
47,0
110,0
115,0
130,0
125,0
145,0
45,0
139,0
24,0
83,0
128,0
130,0
133,0
14,0
153,0
13,0
17,0
114,0
30,0
18,0
81,0
144,0
134,0
63,0
108,0
47,0
149,0
90,0
42,0
88,0
111,0
57,0
29,0
123,0
133,0
5,0
83,0
68,0
62,0
87,0
148,0
100,0
28,0
76,0
60,0
106,0
142,0
127,0
52,0
116,0
140,0
58,0
7,0
17,0
7,0
89,0
100,0
22,0
113,0
140,0
126,0
2,0
47,0
91,0
133,0
32,0
36,0
97,0
65,0
56,0
19,0
128,0
133,0
149,0
136,0
26,0
7,0
122,0
7,0
118,0
106,0
128,0
133,0
118,0
86,0
31,0
113,0
92,0
36,0
109,0
145,0
5,0
54,0
66,0
36,0
45,0
87,0
123,0
102,0
123,0
5,0
86,0
42,0
124,0
119,0
64,0
81,0
129,0
118,0
29,0
55,0
18,0
128,0
14,0
56,0
140,0
20,0
115,0
54,0
89,0
21,0
73,0
129,0
86,0
97,0
5,0
90,0
146,0
27,0
42,0
29,0
148,0
20,0
50,0
14,0
133,0
6,0
82,0
153,0
103,0
0,0
32,0
116,0
104,0
24,0
115,0
123,0
97,0
129,0
87,0
69,0
7,0
85,0
144,0
26,0
18,0
133,0
118,0
82,0
9,0
3,0
108,0
89,0
21,0
109,0
142,0
39,0
125,0
136,0
22,0
56,0
40,0
119,0
142,0
30,0
54,0
16,0
66,0
151,0
126,0
84,0
8,0
34,0
48,0
68,0
102,0
8,0
69,0
101,0
1,0
130,0
141,0
88,0
120,0
21,0
102,0
100,0
86,0
125,0
101,0
123,0
121,0
105,0
24,0
144,0
89,0
88,0
7,0
150,0
42,0
107,0
43,0
32,0
139,0
131,0
133,0
19,0
133,0
134,0
45,0
127,0
6,0
13,0
33,0
56,0
130,0
1,0
10,0
65,0
42,0
32,0
43,0
117,0
144,0
41,0
45,0
116,0
31,0
37,0
141,0
16,0
146,0
31,0
32,0
8,0
143,0
50,0
100,0
3,0
128,0
10,0
110,0
14,0
29,0
21,0
76,0
133,0
48,0
41,0
43,0
101,0
150,0
134,0
125,0
53,0
43,0
116,0
134,0
75,0
72,0
65,0
96,0
49,0
101,0
81,0
2,0
33,0
101,0
151,0
133,0
139,0
154,0
81,0
127,0
83,0
62,0
2,0
54,0
133,0
54,0
88,0
9,0
17,0
122,0
62,0
95,0
104,0
95,0
118,0
108,0
14,0
88,0
42,0
84,0
94,0
29,0
30,0
30,0
95,0
130,0
36,0
29,0
128,0
61,0
23,0
63,0
6,0
114,0
112,0
24,0
19,0
7,0
138,0
138,0
142,0
9,0
100,0
101,0
18,0
46,0
66,0
44,0
145,0
128,0
2,0
36,0
45,0
5,0
59,0
96,0
15,0
83,0
54,0
41,0
127,0
147,0
54,0
13,0
136,0
111,0
47,0
133,0
53,0
13,0
45,0
57,0
57,0
78,0
111,0
85,0
133,0
129,0
127,0
42,0
74,0
133,0
72,0
117,0
19,0
5,0
17,0
133,0
46,0
126,0
0,0
122,0
130,0
22,0
48,0
10,0
3,0
47,0
29,0
11,0
130,0
133,0
100,0
83,0
11,0
123,0
45,0
133,0
47,0
21,0
96,0
26,0
3,0
69,0
154,0
102,0
73,0
145,0
34,0
70,0
13,0
36,0
36,0
45,0
68,0
56,0
84,0
97,0
124,0
95,0
123,0
137,0
69,0
33,0
84,0
153,0
23,0
21,0
24,0
80,0
46,0
136,0
136,0
123,0
143,0
128,0
150,0
33,0
149,0
107,0
61,0
30,0
133,0
44,0
35,0
94,0
8,0
37,0
128,0
6,0
47,0
24,0
110,0
1,0
37,0
133,0
142,0
126,0
65,0
30,0
133,0
4,0
56,0
5,0
101,0
16,0
139,0
146,0
59,0
110,0
73,0
58,0
109,0
124,0
139,0
30,0
151,0
97,0
9,0
4,0
133,0
142,0
142,0
140,0
16,0
11,0
37,0
137,0
88,0
123,0
109,0
111,0
127,0
53,0
109,0
9,0
45,0
130,0
17,0
132,0
31,0
66,0
102,0
35,0
44,0
45,0
63,0
67,0
1,0
30,0
29,0
24,0
9,0
124,0
3,0
52,0
130,0
81,0
13,0
119,0
105,0
48,0
133,0
41,0
111,0
23,0
110,0
79,0
124,0
96,0
144,0
34,0
59,0
83,0
20,0
24,0
143,0
108,0
4,0
130,0
31,0
153,0
74,0
81,0
2,0
44,0
97,0
133,0
33,0
52,0
29,0
43,0
145,0
35,0
100,0
64,0
133,0
109,0
75,0
46,0
124,0
17,0
23,0
101,0
68,0
76,0
80,0
128,0
72,0
23,0
51,0
59,0
116,0
59,0
129,0
1,0
128,0
50,0
4,0
99,0
117,0
126,0
59,0
38,0
54,0
23,0
9,0
25,0
142,0
151,0
47,0
16,0
35,0
120,0
143,0
26,0
139,0
30,0
76,0
49,0
82,0
140,0
53,0
48,0
128,0
57,0
3,0
7,0
121,0
78,0
145,0
1,0
59,0
133,0
128,0
77,0
133,0
77,0
128,0
40,0
72,0
23,0
116,0
110,0
102,0
56,0
43,0
6,0
79,0
151,0
86,0
63,0
1,0
133,0
109,0
29,0
115,0
139,0
141,0
125,0
139,0
109,0
54,0
9,0
139,0
133,0
125,0
128,0
141,0
119,0
105,0
47,0
51,0
113,0
35,0
53,0
64,0
3,0
18,0
7,0
72,0
103,0
136,0
133,0
142,0
133,0
115,0
31,0
86,0
101,0
7,0
143,0
133,0
54,0
34,0
53,0
79,0
130,0
88,0
8,0
122,0
36,0
129,0
77,0
32,0
14,0
127,0
101,0
120,0
68,0
7,0
42,0
125,0
100,0
143,0
59,0
21,0
122,0
102,0
60,0
36,0
36,0
26,0
30,0
22,0
41,0
12,0
129,0
32,0
142,0
133,0
144,0
37,0
20,0
95,0
0,0
41,0
145,0
115,0
125,0
123,0
111,0
9,0
150,0
110,0
111,0
117,0
93,0
134,0
4,0
124,0
98,0
48,0
133,0
82,0
47,0
29,0
17,0
43,0
13,0
22,0
50,0
133,0
47,0
0,0
128,0
148,0
40,0
98,0
113,0
115,0
13,0
51,0
96,0
7,0
128,0
33,0
133,0
2,0
91,0
0,0
143,0
37,0
100,0
59,0
110,0
29,0
120,0
46,0
61,0
63,0
139,0
143,0
32,0
39,0
57,0
17,0
90,0
122,0
105,0
55,0
51,0
110,0
105,0
24,0
88,0
114,0
74,0
29,0
92,0
151,0
133,0
125,0
53,0
58,0
136,0
89,0
134,0
21,0
29,0
42,0
23,0
104,0
96,0
81,0
88,0
106,0
101,0
100,0
8,0
8,0
8,0
87,0
133,0
64,0
80,0
133,0
74,0
127,0
129,0
35,0
8,0
65,0
46,0
85,0
127,0
111,0
23,0
99,0
110,0
128,0
67,0
63,0
133,0
101,0
129,0
112,0
133,0
47,0
56,0
45,0
85,0
133,0
33,0
35,0
94,0
129,0
20,0
133,0
21,0
61,0
31,0
139,0
103,0
63,0
69,0
127,0
110,0
133,0
67,0
122,0
54,0
143,0
110,0
1,0
95,0
24,0
11,0
142,0
133,0
0,0
64,0
124,0
26,0
35,0
68,0
11,0
133,0
48,0
131,0
135,0
149,0
0,0
142,0
68,0
73,0
149,0
75,0
107,0
0,0
35,0
20,0
101,0
136,0
90,0
18,0
114,0
79,0
61,0
109,0
2,0
30,0
130,0
133,0
47,0
99,0
32,0
115,0
88,0
133,0
64,0
75,0
107,0
45,0
11,0
93,0
35,0
76,0
64,0
26,0
110,0
118,0
79,0
151,0
73,0
21,0
81,0
15,0
150,0
79,0
102,0
32,0
126,0
133,0
15,0
69,0
64,0
37,0
55,0
83,0
77,0
12,0
39,0
142,0
53,0
108,0
97,0
76,0
104,0
113,0
72,0
134,0
119,0
128,0
116,0
119,0
31,0
82,0
71,0
14,0
59,0
6,0
130,0
61,0
15,0
72,0
111,0
140,0
122,0
99,0
128,0
111,0
110,0
36,0
74,0
32,0
35,0
133,0
132,0
103,0
21,0
76,0
31,0
74,0
61,0
142,0
88,0
29,0
146,0
150,0
1,0
52,0
93,0
74,0
133,0
29,0
23,0
121,0
64,0
133,0
150,0
48,0
54,0
90,0
63,0
128,0
123,0
53,0
79,0
63,0
109,0
39,0
41,0
74,0
17,0
133,0
142,0
45,0
102,0
147,0
88,0
67,0
104,0
21,0
114,0
47,0
113,0
8,0
17,0
29,0
5,0
142,0
128,0
120,0
70,0
0,0
50,0
133,0
117,0
16,0
64,0
142,0
93,0
52,0
58,0
45,0
133,0
73,0
55,0
143,0
141,0
105,0
39,0
9,0
79,0
63,0
63,0
25,0
15,0
68,0
31,0
34,0
17,0
110,0
47,0
148,0
59,0
108,0
39,0
29,0
91,0
149,0
27,0
142,0
49,0
51,0
116,0
34,0
145,0
47,0
146,0
131,0
75,0
150,0
17,0
140,0
66,0
23,0
94,0
126,0
88,0
21,0
89,0
120,0
103,0
3,0
5,0
66,0
133,0
58,0
17,0
29,0
110,0
128,0
72,0
95,0
58,0
56,0
85,0
126,0
50,0
66,0
143,0
51,0
82,0
133,0
119,0
133,0
142,0
59,0
152,0
29,0
90,0
16,0
140,0
142,0
133,0
112,0
56,0
18,0
94,0
134,0
85,0
133,0
107,0
46,0
133,0
133,0
17,0
101,0
23,0
118,0
85,0
143,0
134,0
139,0
82,0
128,0
97,0
36,0
9,0
54,0
141,0
133,0
48,0
124,0
147,0
114,0
89,0
133,0
18,0
67,0
4,0
134,0
143,0
66,0
139,0
99,0
16,0
25,0
117,0
8,0
63,0
2,0
26,0
54,0
61,0
97,0
79,0
148,0
14,0
24,0
88,0
105,0
14,0
15,0
94,0
142,0
70,0
121,0
14,0
8,0
24,0
142,0
24,0
62,0
97,0
105,0
58,0
133,0
20,0
17,0
16,0
129,0
2,0
119,0
6,0
48,0
78,0
106,0
30,0
137,0
66,0
133,0
133,0
108,0
7,0
85,0
132,0
2,0
28,0
69,0
5,0
42,0
133,0
51,0
128,0
133,0
71,0
82,0
1,0
32,0
124,0
76,0
112,0
139,0
65,0
49,0
112,0
87,0
78,0
133,0
150,0
42,0
41,0
149,0
149,0
102,0
35,0
39,0
99,0
12,0
4,0
121,0
2,0
47,0
74,0
133,0
97,0
66,0
109,0
123,0
25,0
71,0
122,0
112,0
138,0
79,0
25,0
92,0
35,0
85,0
112,0
104,0
148,0
142,0
133,0
89,0
16,0
143,0
62,0
123,0
8,0
77,0
83,0
108,0
101,0
32,0
140,0
76,0
133,0
117,0
139,0
46,0
133,0
99,0
18,0
118,0
138,0
6,0
133,0
124,0
128,0
114,0
1,0
149,0
135,0
114,0
117,0
7,0
24,0
142,0
24,0
128,0
143,0
106,0
7,0
136,0
133,0
128,0
32,0
67,0
126,0
133,0
7,0
89,0
6,0
25,0
118,0
118,0
130,0
79,0
64,0
4,0
111,0
6,0
42,0
77,0
76,0
97,0
60,0
49,0
82,0
115,0
88,0
127,0
66,0
42,0
49,0
66,0
139,0
4,0
62,0
101,0
77,0
143,0
15,0
23,0
74,0
39,0
72,0
35,0
38,0
134,0
31,0
58,0
97,0
142,0
58,0
97,0
20,0
3,0
145,0
144,0
103,0
85,0
125,0
28,0
127,0
121,0
121,0
150,0
125,0
90,0
89,0
133,0
54,0
18,0
94,0
39,0
142,0
110,0
126,0
88,0
26,0
76,0
17,0
39,0
64,0
142,0
88,0
31,0
47,0
97,0
132,0
45,0
33,0
128,0
114,0
122,0
54,0
88,0
4,0
23,0
32,0
20,0
133,0
26,0
145,0
4,0
5,0
144,0
17,0
133,0
85,0
142,0
70,0
133,0
93,0
115,0
2,0
45,0
37,0
135,0
113,0
6,0
64,0
10,0
134,0
54,0
148,0
42,0
77,0
50,0
7,0
45,0
5,0
2,0
27,0
36,0
107,0
5,0
59,0
81,0
110,0
115,0
133,0
72,0
133,0
88,0
125,0
71,0
19,0
26,0
39,0
137,0
48,0
149,0
83,0
6,0
133,0
64,0
102,0
49,0
79,0
22,0
92,0
91,0
133,0
129,0
134,0
102,0
134,0
128,0
10,0
139,0
152,0
112,0
109,0
103,0
128,0
76,0
133,0
23,0
108,0
6,0
22,0
105,0
117,0
42,0
151,0
94,0
125,0
81,0
145,0
143,0
7,0
12,0
47,0
142,0
12,0
130,0
104,0
144,0
13,0
70,0
88,0
13,0
142,0
133,0
51,0
109,0
117,0
133,0
126,0
44,0
150,0
21,0
14,0
44,0
74,0
133,0
148,0
150,0
7,0
133,0
116,0
139,0
33,0
84,0
48,0
108,0
78,0
19,0
124,0
60,0
33,0
147,0
126,0
8,0
102,0
77,0
27,0
54,0
108,0
32,0
24,0
52,0
85,0
133,0
102,0
120,0
127,0
2,0
97,0
42,0
17,0
14,0
28,0
116,0
140,0
53,0
95,0
17,0
17,0
133,0
133,0
25,0
119,0
128,0
145,0
50,0
100,0
127,0
131,0
30,0
133,0
28,0
133,0
19,0
89,0
133,0
143,0
107,0
61,0
102,0
133,0
133,0
102,0
85,0
36,0
58,0
17,0
150,0
72,0
88,0
119,0
98,0
107,0
63,0
88,0
17,0
128,0
95,0
59,0
23,0
62,0
143,0
45,0
15,0
125,0
52,0
22,0
34,0
61,0
50,0
116,0
133,0
46,0
70,0
73,0
73,0
126,0
124,0
127,0
115,0
60,0
2,0
11,0
124,0
113,0
7,0
42,0
59,0
97,0
106,0
110,0
17,0
74,0
108,0
103,0
97,0
59,0
118,0
23,0
92,0
45,0
133,0
15,0
72,0
1,0
56,0
11,0
15,0
31,0
106,0
38,0
65,0
138,0
146,0
108,0
6,0
93,0
71,0
128,0
32,0
76,0
140,0
72,0
146,0
118,0
85,0
139,0
66,0
133,0
111,0
61,0
1,0
41,0
118,0
145,0
143,0
99,0
0,0
93,0
42,0
107,0
46,0
25,0
120,0
18,0
35,0
31,0
122,0
139,0
31,0
130,0
50,0
86,0
151,0
56,0
13,0
41,0
14,0
125,0
90,0
146,0
133,0
123,0
139,0
130,0
67,0
95,0
7,0
150,0
44,0
17,0
132,0
96,0
15,0
124,0
1,0
102,0
99,0
150,0
7,0
28,0
143,0
54,0
120,0
98,0
46,0
133,0
36,0
128,0
100,0
36,0
70,0
16,0
87,0
7,0
150,0
19,0
43,0
19,0
73,0
131,0
128,0
116,0
44,0
1,0
18,0
151,0
76,0
23,0
28,0
133,0
5,0
117,0
109,0
114,0
133,0
23,0
133,0
133,0
41,0
137,0
145,0
50,0
14,0
8,0
3,0
95,0
129,0
54,0
17,0
30,0
45,0
133,0
120,0
148,0
45,0
17,0
142,0
66,0
85,0
128,0
18,0
127,0
148,0
6,0
48,0
127,0
150,0
17,0
133,0
151,0
67,0
48,0
126,0
36,0
71,0
89,0
142,0
97,0
89,0
50,0
36,0
50,0
56,0
81,0
78,0
68,0
14,0
141,0
97,0
134,0
69,0
17,0
118,0
143,0
14,0
153,0
134,0
46,0
64,0
50,0
74,0
112,0
29,0
64,0
18,0
48,0
16,0
122,0
33,0
15,0
116,0
16,0
35,0
52,0
25,0
50,0
88,0
150,0
8,0
1,0
25,0
7,0
122,0
63,0
27,0
67,0
103,0
142,0
26,0
125,0
30,0
79,0
137,0
72,0
104,0
97,0
105,0
62,0
148,0
123,0
81,0
113,0
33,0
26,0
30,0
125,0
133,0
116,0
133,0
148,0
17,0
118,0
119,0
23,0
94,0
30,0
131,0
133,0
62,0
83,0
133,0
133,0
23,0
148,0
149,0
83,0
25,0
31,0
114,0
6,0
61,0
44,0
142,0
83,0
18,0
110,0
57,0
17,0
101,0
6,0
9,0
81,0
121,0
128,0
68,0
96,0
47,0
88,0
61,0
15,0
19,0
56,0
113,0
105,0
4,0
144,0
24,0
18,0
80,0
143,0
91,0
3,0
121,0
11,0
82,0
138,0
142,0
48,0
143,0
21,0
128,0
45,0
92,0
130,0
143,0
84,0
99,0
34,0
61,0
3,0
6,0
102,0
133,0
17,0
124,0
10,0
110,0
8,0
54,0
16,0
71,0
2,0
72,0
45,0
93,0
139,0
146,0
8,0
8,0
61,0
115,0
0,0
92,0
51,0
64,0
7,0
91,0
102,0
43,0
96,0
18,0
64,0
133,0
102,0
122,0
128,0
39,0
21,0
29,0
56,0
24,0
68,0
26,0
77,0
108,0
64,0
3,0
114,0
54,0
57,0
2,0
7,0
30,0
100,0
16,0
26,0
0,0
26,0
142,0
145,0
4,0
34,0
133,0
85,0
39,0
91,0
89,0
20,0
88,0
91,0
52,0
7,0
142,0
143,0
97,0
106,0
112,0
100,0
106,0
134,0
47,0
26,0
133,0
133,0
73,0
133,0
148,0
67,0
87,0
67,0
57,0
117,0
61,0
143,0
108,0
41,0
99,0
104,0
22,0
75,0
97,0
30,0
23,0
8,0
133,0
148,0
109,0
111,0
101,0
17,0
26,0
7,0
74,0
37,0
76,0
31,0
126,0
58,0
115,0
2,0
26,0
30,0
7,0
104,0
116,0
142,0
133,0
128,0
23,0
113,0
17,0
143,0
2,0
130,0
64,0
137,0
79,0
17,0
151,0
141,0
133,0
105,0
20,0
150,0
74,0
41,0
104,0
106,0
110,0
28,0
148,0
8,0
41,0
12,0
49,0
73,0
126,0
26,0
34,0
106,0
16,0
145,0
135,0
104,0
1,0
133,0
22,0
7,0
130,0
116,0
76,0
120,0
27,0
145,0
37,0
50,0
72,0
102,0
148,0
62,0
108,0
16,0
41,0
21,0
143,0
36,0
84,0
12,0
139,0
134,0
143,0
143,0
151,0
87,0
133,0
105,0
109,0
104,0
132,0
122,0
44,0
151,0
119,0
101,0
11,0
102,0
12,0
1,0
142,0
100,0
100,0
143,0
44,0
69,0
99,0
81,0
41,0
62,0
7,0
142,0
100,0
8,0
70,0
130,0
117,0
94,0
101,0
97,0
24,0
117,0
153,0
137,0
65,0
18,0
48,0
6,0
76,0
108,0
46,0
58,0
136,0
146,0
133,0
35,0
116,0
45,0
130,0
11,0
51,0
3,0
97,0
20,0
25,0
133,0
127,0
115,0
142,0
106,0
12,0
116,0
142,0
0,0
34,0
100,0
98,0
64,0
132,0
10,0
30,0
116,0
143,0
57,0
113,0
61,0
110,0
4,0
61,0
120,0
26,0
125,0
35,0
49,0
51,0
47,0
67,0
149,0
117,0
72,0
30,0
33,0
121,0
135,0
6,0
58,0
36,0
117,0
54,0
34,0
136,0
24,0
23,0
8,0
63,0
29,0
123,0
41,0
134,0
143,0
106,0
110,0
74,0
47,0
62,0
3,0
67,0
142,0
95,0
88,0
71,0
2,0
127,0
120,0
89,0
121,0
133,0
89,0
111,0
133,0
127,0
103,0
30,0
118,0
27,0
66,0
150,0
81,0
68,0
118,0
133,0
150,0
73,0
48,0
110,0
27,0
67,0
152,0
43,0
92,0
64,0
36,0
82,0
150,0
23,0
54,0
109,0
66,0
59,0
136,0
128,0
6,0
25,0
47,0
97,0
66,0
92,0
128,0
109,0
110,0
134,0
133,0
12,0
131,0
6,0
104,0
103,0
129,0
138,0
122,0
114,0
82,0
84,0
16,0
115,0
8,0
64,0
51,0
128,0
148,0
107,0
92,0
2,0
73,0
151,0
66,0
118,0
116,0
139,0
52,0
151,0
20,0
133,0
29,0
3,0
43,0
43,0
5,0
60,0
143,0
87,0
101,0
148,0
105,0
79,0
36,0
149,0
102,0
46,0
107,0
119,0
56,0
29,0
15,0
133,0
111,0
117,0
115,0
31,0
116,0
35,0
133,0
135,0
5,0
23,0
74,0
81,0
50,0
55,0
26,0
91,0
8,0
142,0
97,0
31,0
65,0
37,0
17,0
76,0
143,0
18,0
87,0
56,0
109,0
92,0
30,0
99,0
97,0
42,0
23,0
89,0
16,0
46,0
148,0
154,0
115,0
12,0
57,0
42,0
41,0
136,0
79,0
16,0
98,0
108,0
29,0
20,0
28,0
65,0
80,0
46,0
32,0
71,0
145,0
99,0
33,0
7,0
128,0
8,0
30,0
133,0
76,0
80,0
124,0
99,0
42,0
26,0
25,0
120,0
26,0
11,0
17,0
133,0
132,0
84,0
97,0
105,0
10,0
17,0
73,0
48,0
128,0
29,0
26,0
29,0
39,0
73,0
42,0
90,0
133,0
71,0
133,0
36,0
67,0
28,0
150,0
30,0
46,0
19,0
150,0
50,0
113,0
127,0
29,0
51,0
124,0
31,0
12,0
97,0
135,0
150,0
84,0
117,0
138,0
61,0
82,0
4,0
27,0
16,0
56,0
1,0
60,0
128,0
134,0
31,0
72,0
129,0
146,0
6,0
65,0
150,0
92,0
102,0
55,0
64,0
125,0
15,0
133,0
9,0
133,0
81,0
124,0
133,0
19,0
35,0
150,0
143,0
14,0
18,0
97,0
16,0
57,0
88,0
107,0
128,0
146,0
133,0
130,0
8,0
53,0
145,0
14,0
2,0
3,0
115,0
57,0
71,0
56,0
75,0
111,0
35,0
89,0
20,0
103,0
78,0
70,0
129,0
133,0
38,0
127,0
127,0
47,0
34,0
106,0
73,0
126,0
130,0
44,0
121,0
91,0
132,0
133,0
51,0
92,0
115,0
1,0
82,0
23,0
7,0
83,0
78,0
24,0
48,0
50,0
144,0
133,0
92,0
82,0
144,0
124,0
94,0
127,0
133,0
129,0
41,0
55,0
102,0
37,0
39,0
30,0
128,0
114,0
43,0
44,0
58,0
43,0
61,0
133,0
12,0
129,0
97,0
129,0
133,0
75,0
1,0
133,0
45,0
48,0
118,0
130,0
139,0
6,0
7,0
68,0
62,0
146,0
127,0
25,0
78,0
134,0
90,0
50,0
143,0
73,0
2,0
16,0
144,0
85,0
114,0
97,0
63,0
68,0
145,0
67,0
133,0
71,0
124,0
115,0
109,0
10,0
102,0
30,0
43,0
21,0
148,0
76,0
130,0
70,0
143,0
108,0
105,0
70,0
123,0
142,0
124,0
93,0
47,0
30,0
7,0
31,0
138,0
35,0
88,0
51,0
12,0
79,0
61,0
120,0
107,0
6,0
56,0
128,0
41,0
48,0
60,0
69,0
5,0
102,0
45,0
51,0
126,0
50,0
26,0
71,0
8,0
51,0
118,0
144,0
63,0
14,0
20,0
102,0
57,0
108,0
145,0
72,0
88,0
97,0
72,0
143,0
62,0
46,0
9,0
133,0
10,0
44,0
48,0
142,0
115,0
51,0
141,0
63,0
143,0
142,0
102,0
101,0
1,0
79,0
42,0
62,0
41,0
144,0
131,0
45,0
142,0
105,0
33,0
97,0
9,0
32,0
133,0
85,0
25,0
57,0
127,0
117,0
119,0
0,0
133,0
149,0
118,0
113,0
128,0
139,0
142,0
38,0
81,0
142,0
88,0
148,0
33,0
133,0
140,0
41,0
76,0
142,0
130,0
133,0
67,0
143,0
130,0
24,0
93,0
21,0
73,0
128,0
134,0
23,0
92,0
62,0
85,0
17,0
133,0
126,0
54,0
94,0
18,0
25,0
14,0
56,0
133,0
142,0
70,0
133,0
38,0
143,0
108,0
117,0
126,0
133,0
31,0
96,0
79,0
109,0
112,0
147,0
149,0
123,0
93,0
135,0
30,0
3,0
68,0
143,0
42,0
62,0
23,0
70,0
99,0
94,0
152,0
64,0
20,0
110,0
130,0
147,0
117,0
56,0
138,0
51,0
23,0
33,0
57,0
133,0
34,0
133,0
133,0
143,0
23,0
121,0
73,0
64,0
133,0
7,0
93,0
3,0
65,0
130,0
45,0
127,0
60,0
7,0
111,0
129,0
122,0
134,0
109,0
48,0
6,0
92,0
4,0
89,0
13,0
121,0
124,0
143,0
103,0
107,0
0,0
44,0
29,0
28,0
7,0
95,0
138,0
143,0
114,0
96,0
105,0
13,0
51,0
21,0
43,0
66,0
50,0
74,0
151,0
117,0
148,0
28,0
133,0
85,0
44,0
112,0
153,0
145,0
28,0
113,0
29,0
55,0
72,0
133,0
17,0
54,0
111,0
152,0
129,0
136,0
57,0
132,0
53,0
145,0
30,0
50,0
139,0
128,0
97,0
58,0
24,0
111,0
65,0
53,0
109,0
143,0
31,0
17,0
123,0
68,0
4,0
3,0
133,0
106,0
34,0
53,0
142,0
142,0
95,0
7,0
50,0
121,0
82,0
127,0
41,0
119,0
78,0
54,0
47,0
25,0
133,0
78,0
105,0
70,0
46,0
131,0
118,0
50,0
2,0
81,0
142,0
140,0
76,0
37,0
103,0
131,0
39,0
15,0
4,0
133,0
128,0
89,0
58,0
5,0
9,0
71,0
16,0
12,0
27,0
103,0
142,0
122,0
43,0
125,0
111,0
148,0
42,0
9,0
139,0
85,0
139,0
133,0
39,0
133,0
145,0
30,0
53,0
40,0
41,0
66,0
117,0
7,0
17,0
142,0
118,0
54,0
7,0
148,0
20,0
133,0
68,0
46,0
41,0
45,0
116,0
57,0
56,0
48,0
127,0
73,0
113,0
77,0
130,0
101,0
128,0
114,0
22,0
120,0
142,0
118,0
82,0
106,0
88,0
133,0
118,0
104,0
42,0
0,0
62,0
28,0
133,0
132,0
129,0
133,0
68,0
133,0
120,0
100,0
130,0
125,0
16,0
143,0
133,0
12,0
63,0
15,0
66,0
131,0
50,0
33,0
48,0
61,0
145,0
124,0
24,0
98,0
26,0
74,0
153,0
25,0
151,0
58,0
4,0
6,0
109,0
29,0
111,0
56,0
37,0
54,0
29,0
6,0
133,0
133,0
81,0
128,0
33,0
12,0
120,0
125,0
107,0
110,0
30,0
56,0
142,0
123,0
128,0
117,0
6,0
134,0
6,0
142,0
135,0
97,0
74,0
28,0
109,0
97,0
97,0
96,0
27,0
109,0
114,0
81,0
21,0
67,0
107,0
146,0
100,0
17,0
88,0
103,0
133,0
106,0
15,0
69,0
4,0
117,0
104,0
64,0
0,0
125,0
139,0
57,0
56,0
98,0
11,0
41,0
131,0
42,0
111,0
36,0
117,0
95,0
148,0
114,0
111,0
139,0
108,0
108,0
99,0
54,0
11,0
113,0
115,0
107,0
19,0
120,0
75,0
133,0
105,0
22,0
20,0
16,0
115,0
23,0
92,0
133,0
83,0
52,0
128,0
12,0
66,0
135,0
18,0
47,0
110,0
48,0
141,0
59,0
17,0
65,0
139,0
81,0
74,0
108,0
129,0
97,0
5,0
31,0
133,0
42,0
66,0
0,0
97,0
41,0
133,0
88,0
35,0
66,0
45,0
133,0
78,0
142,0
112,0
127,0
20,0
97,0
91,0
37,0
139,0
46,0
136,0
128,0
29,0
107,0
57,0
120,0
30,0
42,0
81,0
26,0
79,0
15,0
35,0
135,0
133,0
88,0
151,0
47,0
102,0
7,0
61,0
6,0
67,0
52,0
14,0
47,0
45,0
129,0
103,0
140,0
48,0
97,0
94,0
0,0
33,0
108,0
154,0
33,0
133,0
12,0
48,0
37,0
9,0
37,0
54,0
150,0
23,0
8,0
103,0
30,0
48,0
50,0
17,0
143,0
37,0
51,0
86,0
78,0
127,0
23,0
130,0
85,0
87,0
135,0
31,0
34,0
102,0
88,0
121,0
42,0
72,0
23,0
44,0
47,0
137,0
133,0
127,0
87,0
0,0
130,0
46,0
107,0
86,0
128,0
24,0
50,0
101,0
135,0
133,0
108,0
106,0
130,0
8,0
130,0
54,0
148,0
32,0
71,0
42,0
18,0
2,0
135,0
82,0
0,0
14,0
46,0
92,0
94,0
49,0
40,0
81,0
19,0
59,0
95,0
67,0
151,0
133,0
53,0
133,0
72,0
136,0
146,0
0,0
88,0
110,0
81,0
12,0
130,0
77,0
133,0
56,0
143,0
30,0
8,0
72,0
28,0
17,0
100,0
114,0
47,0
128,0
47,0
120,0
83,0
89,0
99,0
6,0
67,0
140,0
132,0
139,0
133,0
126,0
72,0
21,0
143,0
119,0
33,0
131,0
130,0
123,0
125,0
128,0
136,0
29,0
45,0
79,0
103,0
119,0
90,0
31,0
131,0
9,0
133,0
151,0
98,0
70,0
71,0
31,0
48,0
51,0
142,0
32,0
142,0
139,0
151,0
2,0
0,0
114,0
78,0
23,0
127,0
63,0
31,0
151,0
125,0
105,0
143,0
133,0
111,0
74,0
117,0
143,0
85,0
80,0
133,0
0,0
112,0
133,0
63,0
18,0
97,0
130,0
46,0
12,0
50,0
151,0
43,0
81,0
151,0
64,0
79,0
114,0
42,0
6,0
75,0
33,0
43,0
146,0
19,0
118,0
98,0
26,0
12,0
40,0
79,0
61,0
1,0
143,0
142,0
54,0
89,0
113,0
54,0
130,0
72,0
65,0
88,0
75,0
9,0
81,0
50,0
111,0
133,0
127,0
2,0
35,0
2,0
58,0
91,0
128,0
143,0
95,0
35,0
79,0
9,0
102,0
59,0
97,0
18,0
39,0
32,0
9,0
7,0
59,0
69,0
17,0
97,0
7,0
5,0
133,0
45,0
15,0
130,0
136,0
152,0
109,0
6,0
3,0
12,0
64,0
133,0
133,0
144,0
41,0
14,0
2,0
133,0
9,0
35,0
48,0
12,0
53,0
62,0
138,0
132,0
85,0
118,0
52,0
76,0
133,0
97,0
101,0
90,0
127,0
149,0
27,0
64,0
125,0
23,0
6,0
78,0
22,0
6,0
13,0
91,0
6,0
92,0
41,0
40,0
143,0
118,0
80,0
20,0
94,0
119,0
23,0
20,0
127,0
30,0
43,0
57,0
129,0
2,0
79,0
124,0
59,0
41,0
62,0
44,0
48,0
7,0
102,0
133,0
84,0
6,0
30,0
96,0
142,0
128,0
30,0
119,0
41,0
128,0
90,0
119,0
69,0
33,0
111,0
130,0
34,0
41,0
26,0
130,0
100,0
81,0
16,0
102,0
44,0
57,0
133,0
58,0
39,0
108,0
17,0
154,0
21,0
47,0
107,0
13,0
74,0
138,0
115,0
129,0
42,0
56,0
34,0
135,0
5,0
24,0
110,0
118,0
49,0
17,0
133,0
4,0
32,0
126,0
106,0
61,0
86,0
68,0
85,0
73,0
73,0
28,0
146,0
137,0
17,0
26,0
72,0
74,0
46,0
3,0
128,0
133,0
70,0
64,0
121,0
67,0
70,0
103,0
122,0
36,0
1,0
47,0
114,0
74,0
130,0
143,0
37,0
123,0
112,0
117,0
133,0
129,0
54,0
91,0
78,0
45,0
84,0
136,0
9,0
135,0
118,0
129,0
133,0
49,0
11,0
36,0
34,0
142,0
57,0
129,0
128,0
17,0
143,0
96,0
132,0
72,0
92,0
39,0
133,0
121,0
92,0
5,0
88,0
123,0
143,0
18,0
114,0
33,0
45,0
149,0
63,0
23,0
12,0
142,0
126,0
124,0
151,0
121,0
31,0
2,0
105,0
29,0
17,0
100,0
104,0
72,0
47,0
3,0
118,0
120,0
128,0
22,0
110,0
132,0
87,0
34,0
130,0
129,0
14,0
0,0
7,0
19,0
45,0
142,0
71,0
123,0
33,0
49,0
131,0
36,0
63,0
110,0
48,0
67,0
99,0
88,0
72,0
56,0
48,0
26,0
98,0
57,0
48,0
153,0
20,0
29,0
31,0
139,0
117,0
12,0
20,0
128,0
133,0
73,0
139,0
31,0
41,0
29,0
52,0
37,0
138,0
88,0
43,0
73,0
121,0
53,0
133,0
78,0
30,0
39,0
104,0
0,0
1,0
7,0
45,0
67,0
124,0
50,0
21,0
47,0
122,0
51,0
142,0
7,0
61,0
41,0
92,0
68,0
111,0
64,0
30,0
84,0
127,0
59,0
126,0
128,0
1,0
133,0
2,0
88,0
102,0
133,0
0,0
11,0
46,0
128,0
15,0
55,0
17,0
22,0
23,0
54,0
142,0
136,0
7,0
8,0
138,0
150,0
125,0
143,0
136,0
144,0
128,0
143,0
129,0
5,0
0,0
87,0
123,0
23,0
143,0
44,0
99,0
8,0
54,0
57,0
122,0
13,0
19,0
148,0
101,0
143,0
43,0
27,0
65,0
100,0
70,0
50,0
103,0
110,0
38,0
113,0
129,0
141,0
26,0
140,0
47,0
133,0
22,0
21,0
150,0
36,0
121,0
133,0
17,0
56,0
1,0
66,0
58,0
133,0
33,0
113,0
39,0
44,0
107,0
71,0
35,0
66,0
65,0
96,0
142,0
110,0
69,0
52,0
144,0
3,0
18,0
124,0
47,0
53,0
114,0
8,0
97,0
31,0
49,0
115,0
54,0
94,0
84,0
130,0
129,0
99,0
144,0
56,0
97,0
35,0
61,0
1,0
44,0
7,0
108,0
107,0
129,0
115,0
15,0
30,0
133,0
22,0
44,0
31,0
106,0
113,0
30,0
127,0
23,0
125,0
127,0
133,0
29,0
41,0
56,0
133,0
69,0
104,0
90,0
143,0
132,0
88,0
133,0
137,0
106,0
44,0
82,0
144,0
111,0
101,0
130,0
139,0
23,0
109,0
58,0
97,0
134,0
117,0
83,0
29,0
61,0
49,0
145,0
85,0
0,0
115,0
136,0
78,0
73,0
107,0
42,0
67,0
107,0
66,0
133,0
142,0
88,0
20,0
72,0
117,0
41,0
146,0
118,0
114,0
8,0
2,0
122,0
107,0
8,0
136,0
0,0
6,0
51,0
122,0
3,0
112,0
70,0
110,0
119,0
133,0
28,0
111,0
20,0
76,0
32,0
89,0
5,0
95,0
115,0
32,0
130,0
109,0
49,0
101,0
42,0
128,0
138,0
135,0
110,0
143,0
153,0
9,0
81,0
68,0
131,0
49,0
127,0
95,0
133,0
143,0
128,0
133,0
23,0
150,0
2,0
65,0
51,0
2,0
76,0
107,0
58,0
118,0
75,0
133,0
123,0
32,0
117,0
152,0
83,0
78,0
42,0
19,0
63,0
29,0
83,0
39,0
133,0
133,0
7,0
133,0
67,0
99,0
125,0
121,0
98,0
49,0
111,0
111,0
25,0
24,0
31,0
52,0
47,0
23,0
108,0
0,0
126,0
12,0
138,0
50,0
35,0
55,0
46,0
8,0
144,0
98,0
103,0
34,0
64,0
8,0
107,0
142,0
118,0
89,0
106,0
151,0
62,0
45,0
3,0
97,0
102,0
13,0
151,0
72,0
11,0
57,0
52,0
13,0
133,0
71,0
114,0
87,0
23,0
9,0
85,0
15,0
134,0
142,0
47,0
32,0
115,0
137,0
43,0
138,0
115,0
50,0
132,0
24,0
72,0
20,0
97,0
100,0
117,0
140,0
94,0
124,0
128,0
25,0
16,0
22,0
133,0
108,0
120,0
69,0
18,0
60,0
129,0
108,0
128,0
36,0
149,0
81,0
17,0
64,0
115,0
56,0
103,0
97,0
144,0
23,0
11,0
92,0
85,0
117,0
75,0
129,0
36,0
143,0
41,0
66,0
89,0
29,0
99,0
76,0
136,0
128,0
133,0
88,0
56,0
145,0
118,0
133,0
105,0
97,0
51,0
130,0
69,0
117,0
3,0
127,0
51,0
133,0
80,0
106,0
51,0
43,0
11,0
143,0
54,0
78,0
30,0
0,0
55,0
20,0
94,0
56,0
78,0
36,0
17,0
150,0
7,0
133,0
19,0
11,0
46,0
6,0
111,0
139,0
130,0
142,0
133,0
56,0
77,0
62,0
50,0
12,0
108,0
97,0
6,0
50,0
79,0
18,0
3,0
116,0
25,0
146,0
142,0
101,0
35,0
154,0
128,0
142,0
108,0
66,0
48,0
141,0
127,0
15,0
106,0
77,0
124,0
16,0
65,0
109,0
110,0
133,0
57,0
24,0
64,0
72,0
26,0
92,0
11,0
125,0
95,0
144,0
107,0
43,0
106,0
97,0
149,0
74,0
117,0
127,0
