114,0
82,0
142,0
43,0
146,0
120,0
141,0
151,0
49,0
128,0
132,0
47,0
146,0
35,0
80,0
64,0
110,0
134,0
13,0
138,0
17,0
89,0
1,0
47,0
17,0
108,0
18,0
111,0
77,0
89,0
49,0
38,0
82,0
113,0
47,0
111,0
115,0
74,0
64,0
145,0
45,0
128,0
34,0
83,0
128,0
105,0
133,0
14,0
144,0
13,0
113,0
114,0
30,0
57,0
82,0
45,0
134,0
63,0
116,0
120,0
149,0
90,0
42,0
57,0
111,0
149,0
29,0
53,0
130,0
16,0
83,0
25,0
64,0
24,0
135,0
27,0
28,0
76,0
60,0
116,0
128,0
128,0
52,0
111,0
140,0
58,0
121,0
139,0
7,0
81,0
100,0
22,0
150,0
140,0
34,0
114,0
142,0
90,0
89,0
32,0
24,0
130,0
63,0
56,0
19,0
128,0
130,0
38,0
137,0
32,0
21,0
53,0
7,0
118,0
116,0
128,0
89,0
65,0
86,0
31,0
113,0
92,0
40,0
113,0
128,0
5,0
122,0
128,0
41,0
45,0
77,0
130,0
124,0
116,0
5,0
130,0
25,0
29,0
119,0
36,0
95,0
57,0
33,0
7,0
18,0
13,0
128,0
14,0
56,0
129,0
20,0
116,0
52,0
89,0
21,0
113,0
128,0
95,0
89,0
5,0
90,0
146,0
25,0
42,0
29,0
148,0
109,0
4,0
14,0
130,0
27,0
82,0
1,0
126,0
0,0
10,0
116,0
104,0
37,0
116,0
142,0
89,0
110,0
87,0
12,0
7,0
96,0
70,0
26,0
128,0
130,0
47,0
82,0
127,0
142,0
102,0
94,0
21,0
109,0
66,0
117,0
36,0
70,0
22,0
72,0
38,0
73,0
11,0
60,0
6,0
5,0
61,0
71,0
126,0
84,0
8,0
34,0
128,0
150,0
110,0
8,0
37,0
101,0
1,0
86,0
57,0
88,0
120,0
20,0
116,0
25,0
95,0
150,0
101,0
53,0
128,0
105,0
24,0
144,0
89,0
142,0
66,0
150,0
110,0
107,0
1,0
124,0
149,0
93,0
47,0
19,0
47,0
134,0
24,0
53,0
6,0
14,0
57,0
32,0
92,0
1,0
10,0
65,0
42,0
25,0
38,0
117,0
144,0
40,0
10,0
115,0
113,0
37,0
141,0
16,0
146,0
128,0
30,0
8,0
143,0
50,0
8,0
142,0
151,0
27,0
110,0
16,0
29,0
21,0
98,0
142,0
115,0
41,0
47,0
101,0
150,0
134,0
0,0
69,0
26,0
113,0
92,0
89,0
72,0
65,0
82,0
4,0
107,0
81,0
142,0
57,0
113,0
21,0
89,0
139,0
52,0
94,0
30,0
83,0
27,0
70,0
4,0
89,0
54,0
88,0
2,0
5,0
123,0
62,0
95,0
104,0
95,0
118,0
108,0
14,0
88,0
42,0
85,0
133,0
46,0
128,0
30,0
77,0
87,0
36,0
33,0
128,0
61,0
127,0
63,0
6,0
114,0
112,0
24,0
35,0
7,0
126,0
128,0
142,0
10,0
64,0
101,0
18,0
46,0
128,0
45,0
63,0
122,0
37,0
40,0
27,0
5,0
59,0
96,0
15,0
93,0
111,0
67,0
128,0
147,0
54,0
13,0
116,0
127,0
57,0
89,0
128,0
145,0
44,0
21,0
57,0
95,0
99,0
85,0
130,0
129,0
126,0
37,0
81,0
130,0
72,0
128,0
19,0
140,0
149,0
130,0
57,0
86,0
0,0
127,0
130,0
22,0
116,0
141,0
117,0
47,0
63,0
13,0
77,0
142,0
108,0
90,0
11,0
122,0
45,0
119,0
142,0
56,0
96,0
38,0
3,0
128,0
5,0
102,0
100,0
14,0
34,0
70,0
13,0
62,0
128,0
151,0
24,0
56,0
98,0
95,0
128,0
130,0
89,0
137,0
69,0
33,0
89,0
12,0
142,0
21,0
24,0
80,0
46,0
127,0
126,0
124,0
57,0
151,0
34,0
100,0
5,0
20,0
61,0
30,0
133,0
28,0
31,0
97,0
47,0
37,0
128,0
6,0
18,0
36,0
110,0
1,0
34,0
130,0
142,0
126,0
70,0
30,0
130,0
4,0
57,0
5,0
115,0
16,0
139,0
146,0
59,0
128,0
143,0
58,0
109,0
122,0
124,0
30,0
126,0
97,0
28,0
4,0
130,0
32,0
150,0
140,0
16,0
12,0
116,0
54,0
95,0
126,0
15,0
111,0
128,0
128,0
34,0
1,0
47,0
90,0
69,0
31,0
31,0
66,0
102,0
105,0
73,0
36,0
63,0
67,0
43,0
64,0
127,0
68,0
126,0
124,0
116,0
52,0
134,0
82,0
13,0
119,0
64,0
150,0
80,0
38,0
56,0
23,0
107,0
89,0
46,0
96,0
142,0
34,0
59,0
83,0
5,0
30,0
143,0
117,0
54,0
95,0
67,0
25,0
74,0
82,0
2,0
67,0
146,0
130,0
111,0
52,0
51,0
109,0
57,0
5,0
119,0
64,0
132,0
34,0
75,0
46,0
123,0
64,0
69,0
103,0
27,0
76,0
76,0
115,0
72,0
127,0
138,0
59,0
128,0
59,0
129,0
1,0
122,0
121,0
29,0
120,0
117,0
126,0
72,0
122,0
124,0
23,0
72,0
8,0
116,0
45,0
125,0
16,0
35,0
113,0
110,0
111,0
28,0
115,0
130,0
50,0
84,0
66,0
53,0
48,0
128,0
73,0
89,0
6,0
121,0
132,0
34,0
1,0
128,0
130,0
128,0
132,0
130,0
96,0
100,0
128,0
128,0
21,0
116,0
128,0
102,0
28,0
43,0
141,0
79,0
34,0
135,0
63,0
0,0
130,0
128,0
29,0
116,0
122,0
20,0
125,0
55,0
57,0
69,0
128,0
150,0
89,0
45,0
128,0
151,0
113,0
129,0
150,0
128,0
108,0
115,0
52,0
5,0
128,0
128,0
29,0
72,0
31,0
116,0
130,0
122,0
89,0
39,0
39,0
90,0
104,0
124,0
143,0
142,0
21,0
64,0
141,0
96,0
130,0
47,0
8,0
52,0
34,0
111,0
78,0
32,0
14,0
127,0
55,0
120,0
68,0
122,0
122,0
62,0
100,0
106,0
59,0
20,0
127,0
115,0
46,0
125,0
64,0
26,0
30,0
22,0
24,0
55,0
111,0
32,0
142,0
130,0
144,0
37,0
60,0
95,0
62,0
117,0
33,0
149,0
125,0
89,0
110,0
10,0
30,0
128,0
111,0
117,0
93,0
89,0
121,0
128,0
98,0
12,0
130,0
98,0
47,0
7,0
20,0
72,0
34,0
128,0
122,0
132,0
142,0
31,0
128,0
134,0
125,0
98,0
113,0
116,0
34,0
51,0
96,0
7,0
116,0
33,0
89,0
37,0
91,0
0,0
143,0
39,0
100,0
17,0
57,0
29,0
120,0
46,0
128,0
63,0
139,0
110,0
32,0
5,0
57,0
23,0
96,0
4,0
104,0
151,0
124,0
70,0
105,0
0,0
150,0
116,0
74,0
100,0
92,0
151,0
130,0
18,0
29,0
58,0
141,0
89,0
134,0
21,0
29,0
142,0
23,0
142,0
87,0
81,0
142,0
106,0
128,0
110,0
8,0
8,0
8,0
87,0
130,0
118,0
80,0
146,0
74,0
142,0
128,0
24,0
34,0
16,0
46,0
74,0
127,0
111,0
122,0
38,0
111,0
128,0
5,0
16,0
130,0
101,0
1,0
104,0
130,0
18,0
47,0
150,0
98,0
132,0
33,0
125,0
89,0
129,0
128,0
130,0
21,0
60,0
31,0
63,0
111,0
63,0
69,0
127,0
142,0
89,0
70,0
128,0
128,0
142,0
110,0
1,0
90,0
31,0
11,0
38,0
130,0
142,0
0,0
141,0
55,0
145,0
127,0
127,0
130,0
48,0
87,0
148,0
26,0
0,0
71,0
56,0
73,0
55,0
75,0
107,0
64,0
105,0
20,0
101,0
136,0
90,0
150,0
55,0
79,0
60,0
109,0
2,0
3,0
90,0
142,0
142,0
55,0
32,0
115,0
75,0
47,0
64,0
75,0
107,0
3,0
11,0
93,0
35,0
79,0
140,0
149,0
150,0
118,0
131,0
54,0
73,0
21,0
81,0
144,0
34,0
79,0
63,0
100,0
142,0
130,0
15,0
69,0
31,0
116,0
57,0
83,0
84,0
34,0
39,0
115,0
138,0
42,0
97,0
95,0
105,0
113,0
126,0
134,0
119,0
128,0
116,0
101,0
38,0
148,0
63,0
14,0
23,0
60,0
95,0
61,0
34,0
72,0
110,0
113,0
128,0
105,0
128,0
111,0
105,0
47,0
74,0
32,0
35,0
47,0
79,0
49,0
21,0
76,0
38,0
74,0
61,0
38,0
130,0
29,0
130,0
33,0
142,0
128,0
93,0
87,0
142,0
52,0
23,0
121,0
21,0
89,0
119,0
28,0
7,0
90,0
63,0
128,0
47,0
53,0
88,0
150,0
128,0
37,0
36,0
146,0
17,0
47,0
142,0
45,0
110,0
147,0
88,0
67,0
142,0
57,0
116,0
47,0
113,0
8,0
16,0
29,0
116,0
142,0
128,0
115,0
140,0
0,0
29,0
130,0
117,0
16,0
64,0
128,0
86,0
128,0
58,0
62,0
130,0
73,0
111,0
57,0
141,0
105,0
38,0
128,0
79,0
5,0
144,0
24,0
15,0
30,0
31,0
34,0
17,0
110,0
24,0
83,0
17,0
108,0
26,0
128,0
91,0
103,0
44,0
122,0
124,0
53,0
117,0
29,0
14,0
130,0
146,0
131,0
148,0
150,0
142,0
140,0
66,0
119,0
146,0
126,0
85,0
21,0
7,0
120,0
103,0
64,0
5,0
66,0
130,0
58,0
2,0
71,0
111,0
20,0
128,0
81,0
58,0
56,0
84,0
151,0
50,0
20,0
142,0
53,0
98,0
89,0
110,0
133,0
142,0
59,0
59,0
29,0
90,0
16,0
140,0
128,0
130,0
112,0
142,0
150,0
94,0
97,0
97,0
47,0
149,0
122,0
89,0
130,0
139,0
128,0
22,0
118,0
85,0
115,0
134,0
139,0
82,0
100,0
89,0
116,0
128,0
122,0
124,0
89,0
1,0
122,0
147,0
143,0
85,0
47,0
13,0
69,0
29,0
135,0
142,0
29,0
139,0
110,0
16,0
25,0
117,0
48,0
29,0
2,0
113,0
128,0
61,0
81,0
135,0
135,0
35,0
24,0
88,0
105,0
14,0
34,0
94,0
52,0
70,0
3,0
14,0
69,0
24,0
122,0
18,0
70,0
95,0
106,0
58,0
130,0
17,0
17,0
16,0
129,0
37,0
119,0
6,0
10,0
78,0
106,0
30,0
151,0
30,0
130,0
142,0
108,0
7,0
95,0
87,0
2,0
25,0
69,0
128,0
42,0
146,0
51,0
142,0
130,0
71,0
90,0
34,0
30,0
54,0
86,0
119,0
139,0
118,0
54,0
112,0
87,0
132,0
130,0
47,0
128,0
41,0
149,0
149,0
102,0
34,0
39,0
99,0
12,0
66,0
30,0
2,0
47,0
93,0
130,0
97,0
66,0
31,0
54,0
10,0
69,0
122,0
112,0
136,0
85,0
151,0
92,0
40,0
88,0
112,0
104,0
82,0
42,0
130,0
89,0
16,0
12,0
15,0
123,0
48,0
77,0
77,0
59,0
110,0
115,0
140,0
85,0
130,0
116,0
139,0
128,0
150,0
99,0
18,0
43,0
138,0
52,0
146,0
124,0
128,0
114,0
1,0
140,0
98,0
114,0
117,0
128,0
31,0
49,0
24,0
128,0
115,0
106,0
6,0
11,0
142,0
128,0
32,0
18,0
127,0
47,0
7,0
84,0
29,0
68,0
118,0
31,0
130,0
130,0
34,0
4,0
67,0
29,0
107,0
77,0
84,0
97,0
60,0
49,0
82,0
115,0
47,0
141,0
11,0
47,0
52,0
23,0
25,0
4,0
64,0
101,0
146,0
114,0
13,0
23,0
134,0
31,0
72,0
34,0
118,0
130,0
13,0
23,0
93,0
110,0
58,0
75,0
53,0
89,0
1,0
13,0
103,0
85,0
43,0
9,0
122,0
58,0
29,0
35,0
46,0
87,0
130,0
130,0
151,0
71,0
94,0
26,0
142,0
55,0
128,0
90,0
26,0
76,0
5,0
31,0
15,0
115,0
142,0
41,0
34,0
89,0
132,0
45,0
46,0
128,0
114,0
122,0
54,0
84,0
38,0
128,0
5,0
29,0
130,0
115,0
14,0
4,0
38,0
70,0
117,0
47,0
89,0
47,0
70,0
133,0
93,0
39,0
67,0
64,0
2,0
135,0
101,0
6,0
31,0
28,0
134,0
54,0
95,0
42,0
95,0
34,0
7,0
151,0
5,0
37,0
27,0
41,0
107,0
151,0
59,0
94,0
57,0
39,0
130,0
72,0
89,0
84,0
34,0
71,0
19,0
26,0
39,0
142,0
27,0
140,0
77,0
141,0
80,0
31,0
42,0
4,0
79,0
22,0
92,0
91,0
47,0
111,0
135,0
102,0
134,0
128,0
10,0
139,0
152,0
101,0
103,0
103,0
101,0
126,0
132,0
124,0
115,0
122,0
47,0
55,0
118,0
42,0
151,0
89,0
150,0
82,0
14,0
128,0
27,0
12,0
31,0
142,0
69,0
130,0
104,0
100,0
13,0
34,0
96,0
13,0
57,0
47,0
4,0
109,0
117,0
89,0
129,0
44,0
147,0
21,0
34,0
1,0
76,0
57,0
148,0
37,0
7,0
47,0
115,0
128,0
33,0
90,0
42,0
108,0
77,0
118,0
122,0
60,0
36,0
66,0
126,0
57,0
102,0
77,0
27,0
54,0
108,0
25,0
24,0
4,0
89,0
130,0
47,0
120,0
23,0
24,0
134,0
42,0
5,0
8,0
28,0
116,0
116,0
4,0
91,0
28,0
5,0
130,0
47,0
8,0
13,0
128,0
37,0
50,0
69,0
127,0
95,0
30,0
142,0
21,0
130,0
129,0
89,0
130,0
116,0
101,0
60,0
102,0
130,0
89,0
100,0
84,0
36,0
31,0
66,0
112,0
64,0
99,0
119,0
98,0
110,0
23,0
74,0
31,0
128,0
95,0
108,0
23,0
103,0
115,0
45,0
55,0
46,0
52,0
22,0
34,0
61,0
99,0
115,0
47,0
127,0
70,0
73,0
73,0
57,0
127,0
128,0
116,0
61,0
37,0
57,0
127,0
112,0
66,0
110,0
27,0
94,0
101,0
110,0
149,0
91,0
28,0
103,0
89,0
23,0
64,0
30,0
92,0
0,0
130,0
15,0
117,0
5,0
124,0
11,0
27,0
31,0
99,0
40,0
65,0
20,0
146,0
108,0
127,0
89,0
71,0
151,0
127,0
90,0
140,0
70,0
146,0
118,0
84,0
69,0
66,0
142,0
55,0
60,0
1,0
38,0
118,0
145,0
101,0
99,0
122,0
93,0
102,0
113,0
46,0
25,0
120,0
70,0
145,0
31,0
122,0
11,0
116,0
130,0
50,0
86,0
136,0
56,0
57,0
38,0
14,0
1,0
90,0
146,0
47,0
142,0
139,0
90,0
117,0
95,0
7,0
24,0
44,0
5,0
89,0
82,0
15,0
54,0
144,0
101,0
111,0
128,0
54,0
14,0
143,0
4,0
113,0
98,0
128,0
89,0
31,0
117,0
100,0
36,0
70,0
142,0
87,0
7,0
5,0
115,0
118,0
19,0
55,0
131,0
128,0
116,0
11,0
26,0
18,0
122,0
76,0
30,0
10,0
130,0
5,0
69,0
102,0
114,0
47,0
6,0
130,0
130,0
41,0
137,0
71,0
50,0
35,0
8,0
89,0
95,0
17,0
4,0
13,0
30,0
45,0
142,0
120,0
148,0
10,0
152,0
142,0
59,0
84,0
128,0
18,0
128,0
92,0
127,0
48,0
122,0
5,0
3,0
142,0
151,0
67,0
28,0
126,0
142,0
71,0
89,0
128,0
134,0
94,0
29,0
36,0
4,0
56,0
95,0
78,0
62,0
14,0
141,0
130,0
134,0
70,0
17,0
40,0
143,0
14,0
1,0
134,0
122,0
31,0
50,0
74,0
112,0
49,0
31,0
24,0
48,0
72,0
128,0
33,0
15,0
115,0
16,0
17,0
52,0
57,0
53,0
88,0
119,0
48,0
1,0
72,0
7,0
51,0
63,0
27,0
45,0
103,0
142,0
26,0
34,0
30,0
87,0
137,0
72,0
69,0
97,0
105,0
62,0
74,0
47,0
84,0
12,0
33,0
115,0
99,0
34,0
130,0
39,0
130,0
79,0
5,0
31,0
4,0
23,0
89,0
30,0
93,0
142,0
68,0
96,0
142,0
77,0
34,0
95,0
117,0
80,0
10,0
39,0
114,0
6,0
29,0
109,0
142,0
83,0
18,0
34,0
33,0
128,0
101,0
122,0
122,0
81,0
127,0
128,0
62,0
96,0
47,0
84,0
61,0
35,0
19,0
57,0
116,0
105,0
128,0
34,0
41,0
33,0
80,0
142,0
91,0
116,0
50,0
11,0
80,0
129,0
142,0
57,0
113,0
21,0
128,0
45,0
77,0
90,0
142,0
77,0
99,0
24,0
61,0
116,0
22,0
13,0
47,0
67,0
60,0
10,0
110,0
150,0
137,0
21,0
71,0
116,0
128,0
45,0
93,0
128,0
112,0
102,0
128,0
60,0
22,0
31,0
92,0
69,0
30,0
128,0
91,0
31,0
115,0
96,0
18,0
15,0
130,0
102,0
123,0
54,0
39,0
20,0
29,0
24,0
30,0
62,0
39,0
77,0
108,0
70,0
21,0
114,0
54,0
57,0
2,0
7,0
30,0
126,0
14,0
38,0
0,0
117,0
57,0
13,0
4,0
125,0
130,0
97,0
31,0
91,0
89,0
3,0
130,0
91,0
142,0
151,0
137,0
128,0
97,0
99,0
33,0
32,0
31,0
134,0
47,0
26,0
57,0
130,0
73,0
146,0
148,0
67,0
90,0
128,0
57,0
117,0
61,0
47,0
117,0
41,0
56,0
104,0
103,0
75,0
90,0
32,0
127,0
10,0
47,0
148,0
109,0
55,0
128,0
17,0
26,0
128,0
86,0
70,0
81,0
31,0
3,0
58,0
115,0
34,0
39,0
30,0
7,0
104,0
115,0
116,0
130,0
27,0
150,0
116,0
127,0
57,0
35,0
130,0
64,0
142,0
81,0
13,0
128,0
141,0
89,0
105,0
20,0
150,0
74,0
31,0
105,0
128,0
111,0
28,0
86,0
72,0
62,0
12,0
128,0
0,0
126,0
26,0
10,0
101,0
16,0
145,0
135,0
104,0
1,0
130,0
22,0
122,0
77,0
116,0
76,0
120,0
27,0
14,0
68,0
128,0
17,0
102,0
81,0
59,0
115,0
16,0
24,0
21,0
143,0
36,0
146,0
12,0
139,0
134,0
143,0
115,0
117,0
87,0
89,0
105,0
109,0
104,0
90,0
142,0
44,0
53,0
119,0
101,0
11,0
102,0
12,0
1,0
116,0
128,0
100,0
115,0
44,0
52,0
99,0
81,0
151,0
49,0
22,0
142,0
100,0
8,0
70,0
85,0
116,0
94,0
101,0
134,0
24,0
117,0
56,0
128,0
71,0
18,0
8,0
4,0
135,0
142,0
127,0
58,0
129,0
119,0
146,0
35,0
26,0
45,0
95,0
11,0
151,0
3,0
75,0
61,0
110,0
130,0
5,0
62,0
142,0
106,0
12,0
62,0
124,0
142,0
13,0
100,0
98,0
64,0
132,0
10,0
30,0
116,0
117,0
25,0
113,0
60,0
55,0
50,0
61,0
143,0
27,0
125,0
31,0
51,0
128,0
127,0
136,0
23,0
26,0
129,0
22,0
33,0
71,0
148,0
50,0
58,0
125,0
117,0
54,0
128,0
151,0
125,0
23,0
10,0
3,0
0,0
89,0
57,0
97,0
128,0
106,0
110,0
85,0
47,0
62,0
64,0
142,0
128,0
95,0
91,0
68,0
2,0
128,0
120,0
89,0
29,0
47,0
130,0
111,0
57,0
127,0
103,0
20,0
2,0
27,0
61,0
68,0
81,0
118,0
118,0
133,0
150,0
73,0
48,0
143,0
28,0
70,0
59,0
98,0
89,0
127,0
30,0
82,0
150,0
26,0
128,0
109,0
66,0
59,0
122,0
128,0
127,0
1,0
10,0
97,0
71,0
92,0
128,0
142,0
99,0
134,0
89,0
12,0
134,0
6,0
49,0
103,0
116,0
126,0
122,0
114,0
98,0
84,0
52,0
104,0
28,0
64,0
53,0
128,0
148,0
107,0
92,0
2,0
111,0
35,0
152,0
38,0
23,0
140,0
128,0
151,0
20,0
89,0
3,0
69,0
43,0
118,0
20,0
124,0
143,0
131,0
101,0
83,0
114,0
79,0
68,0
149,0
102,0
21,0
107,0
110,0
21,0
128,0
21,0
89,0
110,0
117,0
113,0
31,0
116,0
0,0
47,0
135,0
17,0
128,0
86,0
81,0
49,0
110,0
18,0
91,0
57,0
142,0
89,0
38,0
65,0
2,0
150,0
76,0
116,0
18,0
77,0
63,0
109,0
92,0
30,0
56,0
89,0
28,0
64,0
89,0
60,0
122,0
84,0
82,0
115,0
12,0
57,0
42,0
40,0
53,0
79,0
16,0
90,0
73,0
128,0
20,0
28,0
128,0
82,0
46,0
124,0
71,0
145,0
99,0
33,0
23,0
128,0
57,0
3,0
130,0
90,0
80,0
124,0
71,0
42,0
26,0
24,0
120,0
26,0
11,0
5,0
47,0
132,0
93,0
81,0
55,0
32,0
29,0
113,0
60,0
128,0
29,0
26,0
54,0
24,0
11,0
27,0
90,0
130,0
71,0
133,0
24,0
67,0
128,0
47,0
30,0
124,0
19,0
57,0
50,0
113,0
128,0
29,0
51,0
127,0
39,0
42,0
97,0
135,0
150,0
84,0
64,0
138,0
61,0
92,0
4,0
39,0
140,0
56,0
1,0
61,0
128,0
134,0
115,0
2,0
129,0
80,0
130,0
65,0
128,0
92,0
102,0
55,0
36,0
40,0
15,0
130,0
57,0
130,0
89,0
128,0
130,0
37,0
145,0
54,0
116,0
14,0
36,0
92,0
16,0
33,0
57,0
107,0
115,0
146,0
142,0
89,0
63,0
53,0
35,0
14,0
117,0
89,0
30,0
109,0
128,0
21,0
75,0
111,0
35,0
89,0
20,0
142,0
78,0
24,0
69,0
89,0
38,0
46,0
128,0
68,0
34,0
106,0
22,0
126,0
130,0
14,0
3,0
91,0
132,0
89,0
52,0
92,0
115,0
1,0
82,0
13,0
4,0
134,0
78,0
34,0
48,0
50,0
144,0
130,0
92,0
82,0
108,0
124,0
89,0
127,0
75,0
113,0
24,0
111,0
110,0
37,0
5,0
22,0
128,0
114,0
108,0
128,0
128,0
31,0
60,0
130,0
12,0
129,0
134,0
129,0
130,0
75,0
1,0
47,0
24,0
48,0
116,0
130,0
128,0
6,0
128,0
68,0
65,0
130,0
122,0
25,0
115,0
134,0
90,0
49,0
116,0
55,0
2,0
16,0
28,0
85,0
101,0
134,0
30,0
25,0
142,0
65,0
130,0
50,0
124,0
5,0
115,0
10,0
102,0
64,0
151,0
21,0
90,0
134,0
130,0
64,0
47,0
142,0
105,0
70,0
124,0
150,0
127,0
93,0
47,0
23,0
7,0
113,0
138,0
14,0
80,0
52,0
12,0
79,0
61,0
120,0
107,0
49,0
32,0
128,0
38,0
48,0
60,0
45,0
3,0
99,0
70,0
127,0
126,0
122,0
26,0
71,0
8,0
52,0
118,0
128,0
63,0
145,0
5,0
47,0
57,0
116,0
35,0
68,0
130,0
132,0
110,0
110,0
24,0
46,0
9,0
130,0
56,0
48,0
28,0
119,0
149,0
6,0
141,0
144,0
57,0
151,0
14,0
113,0
145,0
78,0
29,0
68,0
36,0
13,0
131,0
24,0
110,0
105,0
150,0
133,0
128,0
36,0
89,0
130,0
67,0
25,0
116,0
117,0
120,0
65,0
89,0
55,0
118,0
113,0
128,0
142,0
47,0
38,0
90,0
34,0
88,0
86,0
13,0
130,0
60,0
41,0
82,0
110,0
130,0
89,0
37,0
57,0
79,0
24,0
131,0
107,0
99,0
128,0
134,0
23,0
92,0
62,0
77,0
17,0
89,0
151,0
122,0
92,0
18,0
25,0
34,0
56,0
142,0
122,0
57,0
142,0
36,0
116,0
24,0
117,0
101,0
146,0
31,0
96,0
79,0
115,0
112,0
34,0
112,0
132,0
93,0
135,0
30,0
121,0
68,0
37,0
42,0
36,0
124,0
70,0
57,0
94,0
9,0
40,0
20,0
111,0
146,0
38,0
116,0
56,0
126,0
100,0
22,0
33,0
31,0
130,0
13,0
47,0
146,0
143,0
20,0
60,0
73,0
32,0
89,0
7,0
93,0
23,0
65,0
77,0
122,0
128,0
22,0
124,0
110,0
140,0
124,0
97,0
109,0
28,0
6,0
92,0
7,0
89,0
13,0
128,0
128,0
143,0
5,0
107,0
0,0
144,0
128,0
28,0
7,0
95,0
151,0
116,0
116,0
87,0
111,0
28,0
35,0
72,0
43,0
17,0
50,0
87,0
124,0
117,0
87,0
28,0
89,0
84,0
44,0
112,0
12,0
115,0
28,0
113,0
6,0
55,0
17,0
47,0
17,0
151,0
111,0
61,0
30,0
140,0
111,0
132,0
151,0
18,0
141,0
50,0
139,0
142,0
134,0
58,0
0,0
111,0
63,0
53,0
57,0
57,0
62,0
5,0
130,0
68,0
122,0
3,0
97,0
106,0
34,0
53,0
115,0
142,0
95,0
7,0
122,0
50,0
86,0
5,0
128,0
119,0
78,0
54,0
34,0
33,0
47,0
78,0
31,0
18,0
53,0
74,0
118,0
7,0
70,0
89,0
142,0
140,0
76,0
37,0
103,0
93,0
64,0
53,0
30,0
150,0
126,0
75,0
58,0
22,0
9,0
6,0
16,0
115,0
125,0
115,0
128,0
122,0
43,0
100,0
110,0
75,0
47,0
128,0
139,0
122,0
16,0
89,0
39,0
80,0
14,0
30,0
28,0
64,0
40,0
66,0
26,0
6,0
100,0
142,0
118,0
142,0
128,0
96,0
5,0
130,0
68,0
142,0
41,0
108,0
117,0
59,0
21,0
25,0
115,0
111,0
113,0
77,0
130,0
101,0
128,0
29,0
128,0
120,0
11,0
0,0
82,0
47,0
76,0
142,0
118,0
104,0
42,0
0,0
21,0
33,0
133,0
87,0
129,0
130,0
68,0
47,0
113,0
103,0
146,0
23,0
15,0
116,0
130,0
11,0
17,0
15,0
66,0
81,0
50,0
33,0
13,0
61,0
57,0
122,0
68,0
98,0
26,0
76,0
68,0
25,0
151,0
58,0
52,0
122,0
21,0
29,0
16,0
30,0
39,0
54,0
29,0
66,0
130,0
89,0
95,0
128,0
72,0
59,0
105,0
36,0
107,0
99,0
30,0
71,0
150,0
128,0
128,0
107,0
4,0
134,0
21,0
142,0
96,0
75,0
90,0
28,0
64,0
97,0
92,0
96,0
27,0
17,0
110,0
81,0
21,0
15,0
107,0
132,0
56,0
7,0
47,0
127,0
89,0
122,0
44,0
16,0
4,0
34,0
104,0
0,0
0,0
0,0
128,0
25,0
37,0
98,0
11,0
26,0
87,0
72,0
55,0
142,0
116,0
77,0
97,0
114,0
110,0
29,0
108,0
100,0
99,0
122,0
122,0
113,0
115,0
107,0
19,0
128,0
75,0
80,0
99,0
46,0
17,0
17,0
115,0
30,0
134,0
47,0
135,0
151,0
128,0
12,0
29,0
135,0
18,0
38,0
110,0
115,0
127,0
61,0
115,0
34,0
115,0
89,0
86,0
33,0
26,0
130,0
5,0
2,0
146,0
42,0
46,0
67,0
89,0
64,0
80,0
134,0
34,0
20,0
45,0
150,0
87,0
23,0
112,0
128,0
20,0
94,0
132,0
37,0
128,0
46,0
151,0
128,0
29,0
107,0
57,0
120,0
30,0
42,0
75,0
99,0
79,0
15,0
51,0
74,0
89,0
88,0
151,0
42,0
100,0
7,0
61,0
6,0
150,0
128,0
34,0
47,0
65,0
12,0
103,0
140,0
28,0
90,0
84,0
0,0
18,0
150,0
126,0
33,0
47,0
12,0
28,0
24,0
9,0
37,0
29,0
34,0
23,0
8,0
103,0
64,0
48,0
52,0
139,0
103,0
69,0
16,0
130,0
131,0
127,0
23,0
79,0
84,0
131,0
135,0
37,0
34,0
47,0
88,0
60,0
42,0
72,0
22,0
44,0
47,0
137,0
130,0
127,0
87,0
0,0
89,0
46,0
107,0
74,0
142,0
24,0
50,0
101,0
131,0
47,0
108,0
106,0
90,0
100,0
130,0
111,0
95,0
32,0
3,0
128,0
18,0
34,0
135,0
82,0
0,0
14,0
128,0
92,0
97,0
30,0
40,0
89,0
41,0
59,0
95,0
108,0
151,0
130,0
44,0
130,0
68,0
99,0
146,0
0,0
150,0
32,0
95,0
11,0
95,0
77,0
142,0
56,0
57,0
64,0
63,0
57,0
10,0
149,0
100,0
114,0
47,0
71,0
116,0
99,0
83,0
89,0
99,0
6,0
69,0
116,0
146,0
144,0
89,0
59,0
72,0
5,0
150,0
119,0
36,0
93,0
90,0
89,0
45,0
128,0
136,0
29,0
70,0
79,0
109,0
119,0
80,0
115,0
76,0
9,0
47,0
121,0
98,0
70,0
67,0
64,0
8,0
128,0
40,0
128,0
142,0
102,0
142,0
37,0
0,0
104,0
131,0
22,0
21,0
63,0
31,0
105,0
34,0
105,0
143,0
89,0
111,0
86,0
40,0
110,0
77,0
80,0
57,0
0,0
112,0
130,0
63,0
128,0
82,0
89,0
141,0
16,0
50,0
151,0
19,0
85,0
151,0
128,0
79,0
115,0
2,0
6,0
75,0
33,0
47,0
146,0
19,0
118,0
98,0
41,0
115,0
128,0
92,0
60,0
144,0
143,0
142,0
11,0
90,0
129,0
128,0
95,0
110,0
151,0
146,0
75,0
72,0
96,0
4,0
111,0
130,0
127,0
69,0
16,0
37,0
58,0
91,0
128,0
142,0
85,0
35,0
79,0
9,0
116,0
17,0
92,0
142,0
31,0
32,0
128,0
7,0
59,0
15,0
103,0
97,0
7,0
115,0
47,0
30,0
16,0
79,0
128,0
152,0
117,0
149,0
89,0
12,0
64,0
130,0
130,0
144,0
64,0
122,0
2,0
130,0
128,0
35,0
8,0
12,0
51,0
70,0
138,0
132,0
84,0
128,0
52,0
76,0
89,0
130,0
101,0
90,0
127,0
149,0
53,0
33,0
125,0
53,0
6,0
87,0
22,0
6,0
14,0
91,0
4,0
92,0
125,0
40,0
116,0
116,0
83,0
128,0
97,0
110,0
23,0
20,0
127,0
30,0
24,0
33,0
136,0
2,0
83,0
122,0
60,0
24,0
128,0
44,0
28,0
66,0
102,0
89,0
84,0
110,0
21,0
96,0
143,0
128,0
32,0
120,0
36,0
128,0
98,0
119,0
119,0
33,0
111,0
130,0
116,0
41,0
26,0
95,0
128,0
81,0
14,0
102,0
44,0
57,0
130,0
58,0
36,0
110,0
17,0
34,0
57,0
33,0
109,0
13,0
74,0
110,0
115,0
44,0
118,0
56,0
15,0
135,0
126,0
0,0
57,0
118,0
4,0
72,0
89,0
64,0
128,0
151,0
47,0
61,0
77,0
62,0
85,0
150,0
73,0
28,0
134,0
128,0
42,0
110,0
33,0
95,0
124,0
3,0
128,0
142,0
70,0
64,0
7,0
70,0
126,0
103,0
46,0
34,0
1,0
33,0
110,0
86,0
87,0
116,0
37,0
142,0
112,0
117,0
89,0
129,0
54,0
134,0
78,0
108,0
84,0
149,0
44,0
135,0
118,0
37,0
130,0
4,0
11,0
64,0
34,0
142,0
57,0
124,0
57,0
28,0
115,0
96,0
132,0
149,0
92,0
31,0
130,0
50,0
92,0
17,0
88,0
122,0
110,0
33,0
57,0
47,0
24,0
17,0
63,0
23,0
150,0
137,0
126,0
151,0
128,0
5,0
31,0
37,0
63,0
29,0
127,0
102,0
108,0
72,0
33,0
21,0
118,0
120,0
128,0
64,0
111,0
132,0
96,0
34,0
130,0
68,0
14,0
0,0
142,0
105,0
127,0
142,0
71,0
46,0
25,0
50,0
131,0
64,0
142,0
110,0
10,0
67,0
99,0
84,0
72,0
56,0
28,0
27,0
98,0
137,0
8,0
69,0
116,0
29,0
31,0
17,0
115,0
64,0
57,0
128,0
130,0
99,0
139,0
31,0
36,0
4,0
52,0
2,0
136,0
88,0
19,0
110,0
61,0
51,0
130,0
78,0
14,0
115,0
54,0
0,0
1,0
141,0
27,0
70,0
46,0
50,0
100,0
47,0
6,0
141,0
128,0
69,0
60,0
36,0
92,0
68,0
110,0
64,0
30,0
89,0
46,0
59,0
126,0
64,0
14,0
80,0
31,0
150,0
47,0
130,0
0,0
11,0
127,0
128,0
34,0
55,0
5,0
22,0
103,0
54,0
30,0
136,0
7,0
28,0
128,0
128,0
68,0
143,0
136,0
144,0
128,0
128,0
1,0
24,0
129,0
87,0
110,0
66,0
38,0
44,0
99,0
8,0
54,0
57,0
122,0
13,0
140,0
82,0
101,0
64,0
43,0
2,0
24,0
21,0
70,0
50,0
128,0
110,0
41,0
122,0
2,0
61,0
99,0
140,0
47,0
130,0
22,0
21,0
150,0
36,0
121,0
130,0
34,0
56,0
1,0
126,0
58,0
89,0
33,0
113,0
39,0
44,0
107,0
68,0
47,0
66,0
65,0
96,0
49,0
111,0
32,0
44,0
14,0
3,0
128,0
128,0
43,0
127,0
114,0
57,0
97,0
64,0
54,0
116,0
54,0
84,0
85,0
130,0
0,0
99,0
144,0
56,0
97,0
34,0
61,0
45,0
44,0
55,0
108,0
128,0
2,0
115,0
15,0
128,0
130,0
21,0
45,0
38,0
106,0
113,0
30,0
127,0
23,0
24,0
110,0
130,0
29,0
125,0
32,0
40,0
38,0
104,0
90,0
142,0
132,0
142,0
130,0
123,0
47,0
44,0
134,0
34,0
55,0
101,0
130,0
121,0
23,0
36,0
58,0
97,0
134,0
128,0
83,0
29,0
60,0
39,0
144,0
86,0
0,0
20,0
128,0
131,0
111,0
101,0
126,0
37,0
107,0
66,0
130,0
128,0
84,0
20,0
129,0
117,0
41,0
94,0
24,0
114,0
8,0
116,0
128,0
107,0
8,0
151,0
17,0
130,0
54,0
128,0
3,0
119,0
70,0
110,0
119,0
130,0
9,0
110,0
20,0
80,0
109,0
81,0
22,0
77,0
115,0
32,0
91,0
108,0
49,0
139,0
108,0
128,0
138,0
135,0
55,0
99,0
33,0
9,0
95,0
6,0
93,0
49,0
122,0
81,0
11,0
47,0
128,0
80,0
21,0
34,0
2,0
62,0
128,0
114,0
76,0
107,0
58,0
34,0
75,0
130,0
137,0
142,0
117,0
59,0
83,0
78,0
42,0
72,0
128,0
29,0
132,0
39,0
130,0
133,0
7,0
130,0
55,0
33,0
125,0
121,0
98,0
122,0
102,0
110,0
25,0
108,0
27,0
128,0
99,0
23,0
18,0
128,0
126,0
12,0
44,0
50,0
34,0
15,0
124,0
57,0
144,0
98,0
103,0
110,0
13,0
8,0
104,0
128,0
41,0
75,0
106,0
125,0
108,0
145,0
3,0
135,0
15,0
13,0
128,0
117,0
137,0
34,0
54,0
144,0
47,0
142,0
110,0
78,0
109,0
9,0
84,0
18,0
134,0
142,0
47,0
56,0
115,0
137,0
72,0
128,0
115,0
121,0
87,0
56,0
72,0
100,0
134,0
100,0
117,0
70,0
134,0
46,0
71,0
25,0
16,0
22,0
89,0
32,0
120,0
69,0
38,0
60,0
140,0
71,0
25,0
37,0
121,0
85,0
5,0
64,0
116,0
27,0
103,0
89,0
13,0
128,0
11,0
92,0
86,0
115,0
130,0
0,0
62,0
127,0
24,0
7,0
89,0
29,0
99,0
133,0
126,0
71,0
47,0
150,0
47,0
30,0
41,0
133,0
38,0
89,0
122,0
130,0
69,0
19,0
142,0
128,0
128,0
130,0
134,0
101,0
51,0
43,0
11,0
104,0
49,0
78,0
22,0
112,0
47,0
122,0
89,0
21,0
130,0
65,0
141,0
150,0
128,0
89,0
116,0
71,0
29,0
31,0
101,0
70,0
146,0
99,0
130,0
57,0
130,0
62,0
4,0
108,0
116,0
97,0
66,0
50,0
79,0
18,0
142,0
30,0
10,0
77,0
71,0
101,0
35,0
34,0
30,0
128,0
116,0
128,0
47,0
128,0
46,0
15,0
101,0
95,0
122,0
16,0
65,0
109,0
124,0
130,0
33,0
24,0
128,0
72,0
127,0
92,0
11,0
49,0
91,0
108,0
107,0
72,0
106,0
87,0
149,0
87,0
117,0
127,0
