114,0
93,0
64,0
43,0
76,0
120,0
20,0
100,0
122,0
128,0
91,0
49,0
146,0
145,0
74,0
5,0
110,0
134,0
127,0
136,0
138,0
47,0
1,0
143,0
5,0
108,0
13,0
111,0
77,0
75,0
54,0
20,0
90,0
113,0
47,0
99,0
115,0
94,0
125,0
145,0
45,0
15,0
24,0
83,0
127,0
130,0
130,0
13,0
145,0
13,0
23,0
114,0
30,0
71,0
81,0
150,0
134,0
63,0
150,0
72,0
149,0
90,0
42,0
49,0
111,0
32,0
29,0
53,0
47,0
16,0
83,0
25,0
62,0
87,0
148,0
100,0
25,0
76,0
60,0
110,0
128,0
10,0
54,0
39,0
140,0
58,0
7,0
17,0
7,0
97,0
32,0
68,0
150,0
129,0
100,0
143,0
32,0
87,0
133,0
32,0
36,0
130,0
63,0
56,0
19,0
128,0
47,0
20,0
137,0
5,0
21,0
127,0
7,0
118,0
73,0
128,0
47,0
125,0
86,0
31,0
113,0
92,0
36,0
153,0
7,0
5,0
124,0
13,0
36,0
45,0
76,0
122,0
66,0
5,0
5,0
77,0
42,0
46,0
119,0
64,0
81,0
129,0
19,0
7,0
55,0
145,0
127,0
14,0
12,0
140,0
20,0
144,0
54,0
89,0
21,0
73,0
2,0
5,0
131,0
45,0
90,0
146,0
27,0
42,0
29,0
148,0
70,0
124,0
145,0
133,0
151,0
82,0
28,0
103,0
125,0
32,0
129,0
104,0
150,0
119,0
142,0
134,0
108,0
87,0
69,0
7,0
81,0
144,0
26,0
142,0
47,0
118,0
80,0
127,0
124,0
108,0
89,0
22,0
109,0
137,0
39,0
36,0
70,0
22,0
56,0
150,0
120,0
142,0
66,0
54,0
13,0
121,0
71,0
126,0
84,0
8,0
102,0
9,0
68,0
41,0
25,0
69,0
101,0
1,0
93,0
57,0
88,0
120,0
60,0
14,0
57,0
78,0
45,0
101,0
142,0
151,0
105,0
45,0
144,0
89,0
4,0
7,0
150,0
139,0
107,0
41,0
123,0
126,0
131,0
47,0
19,0
30,0
77,0
45,0
12,0
127,0
145,0
33,0
56,0
130,0
1,0
25,0
65,0
42,0
33,0
41,0
117,0
144,0
41,0
10,0
116,0
150,0
37,0
141,0
16,0
77,0
11,0
57,0
28,0
110,0
51,0
154,0
122,0
128,0
48,0
110,0
16,0
7,0
21,0
74,0
47,0
104,0
41,0
43,0
101,0
69,0
134,0
41,0
69,0
129,0
129,0
134,0
84,0
72,0
63,0
74,0
4,0
101,0
50,0
119,0
33,0
101,0
21,0
89,0
139,0
154,0
97,0
57,0
80,0
62,0
2,0
54,0
133,0
54,0
88,0
44,0
149,0
123,0
62,0
76,0
104,0
95,0
43,0
108,0
14,0
88,0
42,0
84,0
94,0
69,0
100,0
30,0
77,0
81,0
68,0
117,0
128,0
61,0
30,0
47,0
6,0
19,0
112,0
150,0
117,0
7,0
138,0
137,0
47,0
138,0
70,0
101,0
18,0
46,0
121,0
22,0
10,0
122,0
37,0
36,0
125,0
5,0
59,0
96,0
15,0
91,0
111,0
70,0
57,0
147,0
4,0
13,0
5,0
127,0
57,0
84,0
128,0
47,0
45,0
57,0
57,0
95,0
111,0
84,0
133,0
116,0
142,0
144,0
80,0
133,0
72,0
128,0
19,0
5,0
140,0
133,0
28,0
98,0
0,0
124,0
130,0
22,0
5,0
25,0
137,0
47,0
29,0
12,0
130,0
142,0
57,0
94,0
11,0
123,0
45,0
142,0
57,0
12,0
82,0
38,0
3,0
69,0
153,0
102,0
73,0
145,0
1,0
70,0
13,0
36,0
127,0
142,0
45,0
56,0
93,0
97,0
128,0
130,0
142,0
137,0
69,0
33,0
135,0
126,0
13,0
21,0
36,0
80,0
46,0
70,0
137,0
123,0
1,0
46,0
150,0
33,0
5,0
103,0
61,0
30,0
133,0
48,0
41,0
94,0
33,0
11,0
67,0
6,0
47,0
24,0
110,0
1,0
33,0
47,0
145,0
126,0
65,0
21,0
86,0
4,0
48,0
5,0
126,0
16,0
149,0
78,0
150,0
30,0
143,0
58,0
109,0
124,0
151,0
7,0
120,0
97,0
48,0
4,0
47,0
5,0
142,0
140,0
15,0
11,0
120,0
46,0
85,0
129,0
12,0
111,0
44,0
53,0
36,0
44,0
45,0
77,0
103,0
108,0
31,0
66,0
102,0
44,0
153,0
36,0
63,0
67,0
1,0
3,0
46,0
62,0
103,0
123,0
60,0
71,0
134,0
81,0
13,0
119,0
107,0
150,0
122,0
40,0
111,0
23,0
150,0
135,0
46,0
96,0
36,0
125,0
59,0
83,0
3,0
108,0
143,0
36,0
4,0
77,0
41,0
128,0
74,0
82,0
2,0
57,0
134,0
133,0
33,0
52,0
4,0
8,0
57,0
154,0
112,0
64,0
80,0
36,0
75,0
144,0
122,0
123,0
23,0
103,0
57,0
76,0
90,0
68,0
68,0
144,0
138,0
59,0
123,0
59,0
19,0
1,0
128,0
51,0
50,0
99,0
149,0
126,0
59,0
41,0
54,0
23,0
9,0
25,0
127,0
151,0
47,0
5,0
35,0
120,0
55,0
115,0
10,0
52,0
95,0
50,0
87,0
140,0
53,0
9,0
6,0
57,0
47,0
68,0
121,0
131,0
2,0
1,0
32,0
47,0
126,0
77,0
122,0
87,0
48,0
46,0
72,0
23,0
115,0
117,0
102,0
21,0
43,0
122,0
79,0
15,0
86,0
63,0
150,0
47,0
42,0
29,0
115,0
6,0
141,0
36,0
11,0
114,0
54,0
153,0
0,0
80,0
67,0
128,0
141,0
120,0
105,0
150,0
4,0
138,0
15,0
53,0
64,0
5,0
10,0
53,0
72,0
114,0
120,0
133,0
7,0
47,0
115,0
41,0
83,0
105,0
127,0
143,0
47,0
4,0
43,0
53,0
79,0
97,0
47,0
8,0
142,0
123,0
111,0
77,0
32,0
14,0
127,0
128,0
120,0
68,0
54,0
45,0
62,0
100,0
106,0
59,0
149,0
127,0
42,0
46,0
47,0
125,0
129,0
30,0
22,0
118,0
56,0
46,0
127,0
142,0
47,0
144,0
37,0
20,0
95,0
142,0
142,0
47,0
115,0
36,0
122,0
47,0
9,0
56,0
46,0
111,0
11,0
93,0
134,0
121,0
141,0
98,0
100,0
133,0
93,0
18,0
29,0
20,0
2,0
13,0
128,0
112,0
47,0
47,0
41,0
128,0
135,0
40,0
98,0
113,0
115,0
46,0
51,0
96,0
7,0
42,0
33,0
133,0
12,0
91,0
0,0
143,0
37,0
100,0
32,0
106,0
29,0
120,0
46,0
29,0
63,0
139,0
106,0
32,0
114,0
57,0
46,0
86,0
122,0
129,0
117,0
49,0
36,0
105,0
1,0
150,0
36,0
74,0
7,0
92,0
151,0
47,0
47,0
53,0
58,0
151,0
89,0
134,0
21,0
29,0
119,0
23,0
122,0
80,0
81,0
47,0
106,0
34,0
100,0
25,0
8,0
8,0
87,0
47,0
129,0
76,0
86,0
74,0
11,0
5,0
0,0
33,0
16,0
46,0
76,0
127,0
111,0
71,0
99,0
143,0
127,0
145,0
139,0
133,0
101,0
129,0
112,0
96,0
33,0
12,0
45,0
131,0
47,0
108,0
35,0
85,0
41,0
137,0
133,0
21,0
60,0
31,0
63,0
21,0
63,0
69,0
127,0
6,0
75,0
108,0
128,0
46,0
122,0
110,0
52,0
90,0
38,0
11,0
48,0
133,0
127,0
0,0
125,0
26,0
35,0
72,0
57,0
47,0
28,0
131,0
82,0
26,0
0,0
11,0
72,0
73,0
11,0
75,0
107,0
45,0
34,0
20,0
101,0
151,0
90,0
150,0
111,0
79,0
61,0
109,0
37,0
60,0
94,0
133,0
68,0
99,0
32,0
115,0
94,0
133,0
64,0
75,0
107,0
27,0
11,0
93,0
35,0
90,0
115,0
115,0
12,0
118,0
131,0
54,0
73,0
21,0
80,0
15,0
125,0
79,0
147,0
35,0
142,0
133,0
15,0
69,0
36,0
16,0
110,0
83,0
130,0
11,0
39,0
127,0
126,0
108,0
97,0
78,0
105,0
113,0
43,0
74,0
119,0
128,0
115,0
119,0
40,0
82,0
54,0
14,0
127,0
150,0
79,0
61,0
70,0
72,0
111,0
12,0
46,0
105,0
128,0
111,0
19,0
38,0
74,0
32,0
12,0
47,0
134,0
145,0
21,0
76,0
40,0
74,0
20,0
112,0
87,0
29,0
130,0
150,0
37,0
151,0
93,0
87,0
142,0
54,0
23,0
121,0
5,0
122,0
57,0
48,0
7,0
90,0
47,0
142,0
47,0
53,0
76,0
70,0
41,0
39,0
38,0
74,0
5,0
47,0
49,0
150,0
114,0
147,0
88,0
67,0
5,0
128,0
11,0
47,0
113,0
48,0
17,0
62,0
2,0
142,0
128,0
11,0
2,0
0,0
6,0
133,0
117,0
139,0
64,0
142,0
93,0
137,0
139,0
68,0
133,0
73,0
106,0
127,0
141,0
105,0
41,0
9,0
79,0
7,0
15,0
25,0
37,0
69,0
31,0
34,0
23,0
110,0
36,0
98,0
47,0
108,0
39,0
23,0
91,0
103,0
27,0
142,0
46,0
3,0
115,0
30,0
14,0
57,0
146,0
131,0
75,0
42,0
108,0
140,0
66,0
142,0
94,0
126,0
94,0
21,0
89,0
107,0
103,0
3,0
5,0
152,0
133,0
58,0
121,0
41,0
110,0
126,0
12,0
93,0
57,0
56,0
84,0
138,0
121,0
20,0
142,0
53,0
90,0
47,0
5,0
146,0
57,0
59,0
66,0
4,0
90,0
16,0
140,0
122,0
47,0
112,0
46,0
18,0
94,0
88,0
134,0
47,0
107,0
123,0
133,0
133,0
17,0
42,0
51,0
43,0
85,0
38,0
134,0
139,0
82,0
128,0
98,0
68,0
33,0
53,0
61,0
148,0
44,0
123,0
147,0
143,0
85,0
133,0
144,0
70,0
4,0
134,0
142,0
23,0
139,0
111,0
16,0
10,0
55,0
32,0
29,0
37,0
19,0
145,0
61,0
97,0
135,0
96,0
13,0
24,0
88,0
105,0
14,0
37,0
94,0
128,0
70,0
5,0
14,0
12,0
24,0
67,0
34,0
62,0
97,0
105,0
103,0
47,0
17,0
17,0
16,0
129,0
37,0
119,0
6,0
28,0
78,0
106,0
30,0
137,0
29,0
133,0
142,0
108,0
7,0
148,0
90,0
140,0
48,0
69,0
71,0
42,0
88,0
51,0
142,0
133,0
71,0
90,0
1,0
32,0
123,0
76,0
112,0
139,0
72,0
49,0
112,0
87,0
90,0
133,0
47,0
11,0
41,0
149,0
149,0
102,0
35,0
39,0
99,0
29,0
21,0
29,0
2,0
47,0
131,0
133,0
97,0
66,0
41,0
54,0
10,0
69,0
124,0
112,0
136,0
85,0
142,0
92,0
34,0
88,0
112,0
104,0
82,0
46,0
133,0
89,0
16,0
107,0
15,0
123,0
28,0
77,0
98,0
30,0
143,0
57,0
140,0
85,0
133,0
19,0
139,0
128,0
137,0
99,0
42,0
43,0
138,0
4,0
86,0
124,0
142,0
114,0
1,0
5,0
135,0
114,0
117,0
7,0
40,0
142,0
24,0
128,0
20,0
106,0
29,0
69,0
47,0
128,0
100,0
67,0
71,0
47,0
7,0
87,0
6,0
25,0
43,0
118,0
130,0
79,0
70,0
4,0
111,0
29,0
126,0
77,0
84,0
97,0
60,0
4,0
82,0
115,0
142,0
127,0
66,0
57,0
49,0
66,0
25,0
4,0
30,0
112,0
77,0
114,0
70,0
23,0
75,0
72,0
72,0
15,0
68,0
130,0
5,0
72,0
89,0
145,0
58,0
83,0
66,0
122,0
14,0
13,0
103,0
85,0
36,0
28,0
122,0
32,0
139,0
145,0
125,0
87,0
84,0
133,0
54,0
15,0
94,0
3,0
5,0
55,0
126,0
90,0
31,0
76,0
5,0
39,0
15,0
6,0
127,0
40,0
47,0
134,0
132,0
124,0
124,0
127,0
105,0
124,0
54,0
85,0
121,0
62,0
56,0
29,0
47,0
129,0
35,0
4,0
60,0
144,0
16,0
133,0
130,0
55,0
70,0
94,0
93,0
149,0
67,0
45,0
129,0
135,0
76,0
6,0
125,0
10,0
134,0
54,0
81,0
14,0
95,0
109,0
7,0
12,0
5,0
37,0
27,0
36,0
107,0
67,0
59,0
133,0
26,0
115,0
133,0
72,0
133,0
84,0
0,0
142,0
19,0
115,0
39,0
137,0
48,0
149,0
132,0
6,0
47,0
36,0
42,0
4,0
79,0
22,0
92,0
91,0
47,0
15,0
134,0
102,0
135,0
128,0
10,0
101,0
152,0
112,0
109,0
103,0
11,0
101,0
133,0
17,0
49,0
124,0
150,0
105,0
64,0
42,0
151,0
148,0
47,0
82,0
14,0
111,0
125,0
12,0
33,0
142,0
12,0
79,0
104,0
13,0
13,0
70,0
82,0
13,0
57,0
47,0
50,0
109,0
117,0
47,0
12,0
44,0
150,0
21,0
13,0
44,0
76,0
47,0
148,0
150,0
7,0
47,0
115,0
25,0
33,0
97,0
48,0
108,0
78,0
19,0
123,0
60,0
47,0
12,0
126,0
8,0
102,0
77,0
27,0
54,0
108,0
32,0
24,0
4,0
77,0
133,0
102,0
120,0
47,0
2,0
134,0
42,0
5,0
46,0
28,0
140,0
36,0
54,0
131,0
51,0
5,0
122,0
122,0
9,0
107,0
128,0
41,0
121,0
71,0
127,0
130,0
30,0
47,0
28,0
133,0
19,0
89,0
47,0
2,0
106,0
60,0
102,0
133,0
133,0
47,0
84,0
36,0
36,0
5,0
108,0
72,0
104,0
119,0
98,0
143,0
23,0
79,0
41,0
142,0
95,0
59,0
23,0
3,0
104,0
45,0
111,0
30,0
52,0
22,0
34,0
61,0
71,0
115,0
133,0
46,0
65,0
73,0
73,0
60,0
127,0
128,0
119,0
20,0
37,0
12,0
123,0
112,0
137,0
20,0
150,0
97,0
11,0
137,0
149,0
130,0
147,0
103,0
97,0
46,0
19,0
59,0
85,0
45,0
133,0
15,0
124,0
1,0
124,0
11,0
15,0
31,0
105,0
38,0
65,0
138,0
77,0
108,0
127,0
130,0
71,0
128,0
57,0
76,0
140,0
69,0
146,0
118,0
85,0
17,0
66,0
47,0
111,0
60,0
1,0
38,0
118,0
35,0
110,0
73,0
65,0
93,0
101,0
111,0
6,0
25,0
120,0
150,0
145,0
31,0
124,0
139,0
119,0
130,0
50,0
74,0
138,0
56,0
42,0
41,0
14,0
28,0
90,0
146,0
47,0
122,0
139,0
80,0
37,0
93,0
7,0
150,0
44,0
33,0
91,0
82,0
15,0
54,0
1,0
8,0
111,0
151,0
46,0
47,0
143,0
4,0
120,0
98,0
29,0
86,0
144,0
22,0
100,0
36,0
70,0
46,0
87,0
7,0
72,0
39,0
43,0
19,0
110,0
131,0
128,0
2,0
44,0
1,0
18,0
123,0
76,0
46,0
8,0
133,0
5,0
120,0
147,0
101,0
47,0
108,0
47,0
133,0
43,0
137,0
145,0
50,0
35,0
47,0
133,0
95,0
129,0
4,0
13,0
30,0
45,0
49,0
120,0
91,0
45,0
109,0
49,0
59,0
85,0
137,0
18,0
128,0
94,0
127,0
25,0
127,0
43,0
5,0
47,0
124,0
67,0
57,0
136,0
36,0
71,0
95,0
128,0
134,0
89,0
50,0
36,0
49,0
72,0
76,0
132,0
68,0
14,0
141,0
80,0
95,0
70,0
17,0
43,0
143,0
14,0
126,0
81,0
151,0
36,0
50,0
74,0
112,0
121,0
125,0
150,0
48,0
149,0
128,0
33,0
15,0
116,0
16,0
145,0
49,0
25,0
50,0
89,0
5,0
8,0
35,0
25,0
7,0
138,0
62,0
27,0
67,0
109,0
142,0
26,0
18,0
30,0
87,0
137,0
72,0
119,0
133,0
105,0
62,0
86,0
30,0
95,0
12,0
33,0
26,0
26,0
125,0
47,0
115,0
148,0
79,0
5,0
43,0
5,0
23,0
97,0
30,0
131,0
31,0
66,0
83,0
47,0
95,0
46,0
89,0
16,0
80,0
48,0
31,0
114,0
71,0
66,0
109,0
145,0
83,0
18,0
49,0
57,0
23,0
114,0
137,0
124,0
90,0
51,0
126,0
68,0
96,0
47,0
88,0
61,0
140,0
19,0
56,0
115,0
105,0
36,0
142,0
40,0
18,0
80,0
122,0
91,0
47,0
50,0
11,0
82,0
52,0
69,0
145,0
110,0
21,0
141,0
127,0
92,0
90,0
142,0
78,0
104,0
24,0
61,0
5,0
30,0
33,0
47,0
149,0
125,0
10,0
139,0
128,0
121,0
16,0
71,0
117,0
128,0
25,0
93,0
150,0
26,0
8,0
28,0
60,0
67,0
0,0
92,0
128,0
3,0
46,0
91,0
36,0
126,0
96,0
0,0
36,0
133,0
102,0
122,0
128,0
39,0
21,0
29,0
73,0
5,0
68,0
129,0
77,0
108,0
64,0
66,0
114,0
54,0
57,0
2,0
7,0
30,0
137,0
15,0
26,0
0,0
39,0
150,0
144,0
4,0
34,0
133,0
93,0
39,0
91,0
88,0
20,0
133,0
91,0
142,0
122,0
42,0
142,0
97,0
120,0
112,0
100,0
143,0
134,0
47,0
26,0
47,0
47,0
73,0
98,0
97,0
67,0
87,0
142,0
57,0
117,0
61,0
150,0
5,0
150,0
99,0
104,0
58,0
75,0
148,0
30,0
57,0
8,0
133,0
76,0
109,0
111,0
128,0
5,0
26,0
46,0
74,0
37,0
146,0
31,0
12,0
58,0
115,0
2,0
119,0
30,0
7,0
104,0
19,0
60,0
133,0
126,0
125,0
144,0
127,0
115,0
45,0
79,0
23,0
123,0
97,0
127,0
127,0
124,0
90,0
105,0
20,0
150,0
87,0
41,0
105,0
55,0
110,0
42,0
98,0
28,0
127,0
12,0
69,0
73,0
48,0
26,0
139,0
106,0
14,0
145,0
135,0
104,0
1,0
47,0
22,0
137,0
90,0
115,0
14,0
105,0
27,0
14,0
125,0
4,0
5,0
102,0
148,0
23,0
23,0
16,0
40,0
21,0
143,0
36,0
84,0
145,0
139,0
98,0
143,0
104,0
46,0
87,0
82,0
105,0
21,0
104,0
132,0
142,0
44,0
46,0
119,0
114,0
73,0
102,0
12,0
1,0
127,0
150,0
100,0
151,0
44,0
44,0
104,0
77,0
151,0
0,0
138,0
47,0
100,0
8,0
70,0
90,0
20,0
97,0
101,0
131,0
24,0
26,0
110,0
53,0
71,0
18,0
28,0
124,0
135,0
49,0
127,0
111,0
138,0
107,0
87,0
35,0
115,0
45,0
95,0
11,0
151,0
138,0
75,0
20,0
45,0
47,0
127,0
38,0
126,0
106,0
12,0
115,0
124,0
2,0
15,0
100,0
98,0
64,0
132,0
9,0
30,0
116,0
114,0
57,0
107,0
60,0
110,0
4,0
61,0
58,0
26,0
125,0
53,0
4,0
141,0
127,0
136,0
15,0
19,0
129,0
30,0
33,0
138,0
148,0
6,0
58,0
36,0
117,0
54,0
5,0
136,0
24,0
23,0
1,0
3,0
13,0
133,0
111,0
131,0
101,0
106,0
101,0
93,0
28,0
121,0
3,0
41,0
128,0
95,0
94,0
68,0
2,0
127,0
120,0
88,0
142,0
47,0
86,0
111,0
150,0
124,0
103,0
60,0
41,0
27,0
66,0
68,0
95,0
68,0
118,0
133,0
28,0
73,0
48,0
106,0
27,0
150,0
22,0
98,0
97,0
62,0
139,0
95,0
150,0
13,0
123,0
109,0
62,0
46,0
46,0
69,0
68,0
1,0
28,0
97,0
121,0
92,0
128,0
97,0
107,0
134,0
133,0
12,0
131,0
6,0
49,0
103,0
115,0
137,0
46,0
114,0
131,0
84,0
49,0
119,0
25,0
118,0
151,0
128,0
135,0
107,0
92,0
145,0
110,0
39,0
152,0
5,0
106,0
66,0
54,0
141,0
20,0
47,0
15,0
35,0
40,0
150,0
30,0
141,0
143,0
87,0
101,0
98,0
73,0
96,0
38,0
149,0
108,0
137,0
110,0
113,0
56,0
29,0
154,0
47,0
111,0
117,0
115,0
31,0
39,0
34,0
47,0
96,0
5,0
57,0
76,0
94,0
4,0
55,0
26,0
91,0
8,0
142,0
97,0
55,0
62,0
37,0
140,0
63,0
127,0
18,0
87,0
56,0
126,0
92,0
30,0
99,0
75,0
42,0
23,0
89,0
16,0
46,0
130,0
79,0
115,0
12,0
33,0
42,0
31,0
151,0
79,0
145,0
77,0
36,0
128,0
20,0
8,0
68,0
96,0
46,0
128,0
71,0
35,0
99,0
33,0
59,0
128,0
48,0
3,0
133,0
76,0
83,0
123,0
12,0
8,0
115,0
25,0
120,0
39,0
11,0
17,0
133,0
132,0
84,0
135,0
55,0
10,0
139,0
106,0
30,0
34,0
29,0
39,0
123,0
149,0
139,0
27,0
90,0
47,0
137,0
133,0
36,0
67,0
8,0
147,0
30,0
53,0
19,0
25,0
50,0
113,0
46,0
29,0
53,0
127,0
31,0
28,0
135,0
135,0
150,0
84,0
117,0
128,0
66,0
75,0
4,0
39,0
5,0
56,0
1,0
60,0
124,0
134,0
31,0
47,0
129,0
75,0
93,0
65,0
54,0
134,0
102,0
73,0
21,0
64,0
15,0
133,0
32,0
133,0
97,0
137,0
133,0
31,0
145,0
139,0
104,0
14,0
18,0
89,0
16,0
33,0
57,0
107,0
11,0
146,0
47,0
95,0
127,0
53,0
45,0
14,0
2,0
122,0
115,0
57,0
142,0
56,0
75,0
111,0
35,0
89,0
20,0
36,0
85,0
37,0
57,0
86,0
41,0
127,0
128,0
1,0
125,0
113,0
149,0
126,0
74,0
27,0
3,0
90,0
93,0
47,0
4,0
92,0
115,0
1,0
76,0
23,0
29,0
98,0
78,0
45,0
44,0
50,0
144,0
47,0
92,0
82,0
104,0
123,0
94,0
127,0
82,0
129,0
41,0
55,0
50,0
37,0
17,0
59,0
128,0
114,0
108,0
151,0
127,0
150,0
60,0
47,0
12,0
129,0
134,0
140,0
133,0
75,0
1,0
47,0
45,0
48,0
112,0
130,0
122,0
6,0
128,0
1,0
142,0
146,0
123,0
48,0
78,0
134,0
90,0
50,0
32,0
73,0
2,0
16,0
47,0
85,0
114,0
94,0
20,0
68,0
49,0
62,0
133,0
71,0
124,0
115,0
54,0
10,0
102,0
30,0
129,0
21,0
148,0
135,0
132,0
69,0
142,0
55,0
105,0
70,0
124,0
126,0
123,0
93,0
47,0
141,0
7,0
31,0
138,0
35,0
97,0
49,0
12,0
79,0
61,0
120,0
107,0
53,0
57,0
128,0
24,0
48,0
60,0
71,0
5,0
4,0
150,0
123,0
101,0
53,0
26,0
71,0
8,0
52,0
118,0
128,0
63,0
14,0
5,0
102,0
57,0
47,0
145,0
129,0
148,0
87,0
5,0
128,0
36,0
46,0
9,0
133,0
25,0
44,0
48,0
126,0
140,0
6,0
46,0
46,0
49,0
128,0
36,0
113,0
14,0
131,0
29,0
62,0
38,0
13,0
131,0
45,0
49,0
105,0
150,0
95,0
137,0
44,0
94,0
85,0
9,0
57,0
6,0
117,0
120,0
63,0
135,0
44,0
118,0
113,0
128,0
128,0
133,0
100,0
86,0
69,0
88,0
74,0
33,0
133,0
149,0
41,0
76,0
142,0
130,0
47,0
37,0
49,0
130,0
40,0
131,0
21,0
73,0
71,0
134,0
121,0
94,0
108,0
87,0
5,0
133,0
122,0
53,0
94,0
18,0
25,0
39,0
110,0
47,0
124,0
15,0
47,0
38,0
56,0
108,0
117,0
139,0
133,0
31,0
80,0
91,0
22,0
112,0
105,0
140,0
122,0
93,0
135,0
30,0
121,0
71,0
21,0
42,0
62,0
127,0
70,0
149,0
94,0
30,0
62,0
20,0
110,0
135,0
60,0
117,0
56,0
138,0
51,0
12,0
57,0
44,0
133,0
34,0
47,0
122,0
143,0
46,0
54,0
73,0
21,0
142,0
7,0
93,0
70,0
65,0
146,0
127,0
122,0
60,0
128,0
111,0
140,0
46,0
74,0
109,0
48,0
6,0
79,0
4,0
95,0
13,0
12,0
29,0
143,0
59,0
107,0
0,0
44,0
4,0
48,0
7,0
95,0
126,0
73,0
143,0
83,0
39,0
14,0
51,0
72,0
43,0
140,0
50,0
86,0
53,0
117,0
86,0
28,0
133,0
84,0
44,0
112,0
129,0
123,0
48,0
113,0
6,0
110,0
23,0
47,0
149,0
4,0
111,0
66,0
145,0
137,0
33,0
132,0
137,0
6,0
66,0
50,0
126,0
128,0
94,0
109,0
24,0
111,0
68,0
53,0
32,0
142,0
24,0
17,0
133,0
69,0
20,0
3,0
131,0
106,0
34,0
53,0
127,0
47,0
95,0
7,0
124,0
51,0
86,0
46,0
68,0
119,0
78,0
54,0
47,0
10,0
47,0
78,0
19,0
18,0
46,0
131,0
118,0
7,0
34,0
97,0
150,0
43,0
76,0
37,0
103,0
93,0
118,0
44,0
145,0
47,0
150,0
79,0
58,0
141,0
9,0
151,0
16,0
149,0
27,0
114,0
122,0
122,0
43,0
127,0
111,0
75,0
28,0
154,0
139,0
146,0
23,0
47,0
39,0
133,0
145,0
60,0
53,0
40,0
40,0
66,0
117,0
46,0
100,0
142,0
118,0
42,0
71,0
81,0
32,0
47,0
68,0
46,0
41,0
108,0
116,0
57,0
56,0
25,0
127,0
110,0
113,0
95,0
131,0
101,0
128,0
66,0
32,0
120,0
60,0
108,0
82,0
111,0
85,0
47,0
118,0
104,0
42,0
64,0
3,0
33,0
133,0
132,0
129,0
47,0
68,0
47,0
120,0
100,0
90,0
34,0
16,0
107,0
133,0
12,0
66,0
144,0
66,0
131,0
71,0
33,0
27,0
66,0
23,0
122,0
147,0
98,0
26,0
76,0
0,0
25,0
137,0
58,0
4,0
123,0
109,0
29,0
127,0
30,0
19,0
54,0
63,0
4,0
47,0
47,0
93,0
128,0
57,0
59,0
111,0
62,0
107,0
143,0
62,0
141,0
47,0
128,0
54,0
149,0
4,0
134,0
4,0
52,0
82,0
130,0
90,0
28,0
127,0
74,0
97,0
83,0
27,0
59,0
19,0
81,0
21,0
2,0
107,0
132,0
128,0
138,0
142,0
42,0
47,0
37,0
13,0
69,0
4,0
6,0
104,0
64,0
16,0
125,0
123,0
57,0
147,0
98,0
144,0
129,0
87,0
42,0
111,0
125,0
149,0
84,0
87,0
114,0
111,0
108,0
108,0
41,0
99,0
122,0
69,0
113,0
115,0
107,0
19,0
128,0
87,0
79,0
113,0
6,0
20,0
0,0
115,0
66,0
97,0
142,0
135,0
49,0
128,0
12,0
29,0
135,0
34,0
112,0
110,0
75,0
141,0
59,0
57,0
31,0
5,0
133,0
87,0
67,0
26,0
130,0
5,0
31,0
77,0
42,0
149,0
150,0
134,0
36,0
133,0
146,0
118,0
22,0
45,0
55,0
87,0
128,0
112,0
141,0
20,0
134,0
132,0
39,0
139,0
6,0
128,0
128,0
29,0
107,0
57,0
120,0
64,0
42,0
85,0
26,0
79,0
15,0
11,0
135,0
47,0
88,0
151,0
32,0
33,0
7,0
60,0
6,0
67,0
142,0
36,0
47,0
62,0
42,0
103,0
140,0
48,0
97,0
94,0
0,0
33,0
150,0
126,0
57,0
47,0
12,0
48,0
67,0
9,0
37,0
54,0
47,0
23,0
28,0
103,0
9,0
108,0
121,0
139,0
143,0
113,0
52,0
130,0
78,0
127,0
23,0
79,0
135,0
78,0
135,0
19,0
34,0
47,0
88,0
66,0
42,0
69,0
22,0
44,0
47,0
151,0
133,0
127,0
74,0
16,0
130,0
123,0
107,0
82,0
128,0
42,0
50,0
101,0
74,0
133,0
108,0
106,0
90,0
129,0
130,0
4,0
91,0
100,0
71,0
128,0
18,0
2,0
135,0
131,0
0,0
14,0
46,0
92,0
134,0
142,0
40,0
95,0
40,0
59,0
95,0
31,0
137,0
133,0
51,0
133,0
72,0
11,0
146,0
0,0
150,0
110,0
81,0
12,0
131,0
77,0
47,0
56,0
104,0
62,0
8,0
154,0
28,0
149,0
100,0
143,0
47,0
46,0
126,0
120,0
83,0
89,0
120,0
6,0
62,0
127,0
94,0
126,0
97,0
57,0
72,0
5,0
140,0
119,0
33,0
93,0
90,0
122,0
1,0
102,0
138,0
7,0
45,0
87,0
103,0
119,0
90,0
31,0
76,0
28,0
47,0
126,0
86,0
70,0
65,0
31,0
28,0
3,0
47,0
12,0
150,0
154,0
12,0
2,0
0,0
41,0
78,0
125,0
137,0
63,0
31,0
151,0
35,0
105,0
143,0
132,0
111,0
74,0
117,0
110,0
131,0
77,0
47,0
0,0
112,0
47,0
63,0
46,0
82,0
97,0
141,0
123,0
50,0
51,0
19,0
85,0
151,0
128,0
79,0
114,0
102,0
6,0
75,0
57,0
47,0
90,0
19,0
118,0
98,0
26,0
104,0
46,0
76,0
60,0
1,0
143,0
142,0
12,0
86,0
140,0
50,0
130,0
72,0
3,0
134,0
75,0
9,0
82,0
50,0
73,0
47,0
127,0
69,0
12,0
31,0
59,0
91,0
128,0
47,0
95,0
12,0
89,0
42,0
52,0
59,0
82,0
47,0
39,0
32,0
9,0
7,0
59,0
69,0
23,0
89,0
7,0
43,0
47,0
45,0
16,0
79,0
142,0
152,0
114,0
142,0
122,0
12,0
64,0
133,0
85,0
15,0
41,0
36,0
2,0
47,0
153,0
35,0
48,0
12,0
9,0
70,0
138,0
132,0
146,0
46,0
52,0
76,0
133,0
134,0
101,0
90,0
127,0
149,0
9,0
142,0
68,0
121,0
6,0
74,0
23,0
6,0
11,0
91,0
123,0
92,0
40,0
40,0
35,0
115,0
80,0
3,0
97,0
112,0
23,0
20,0
8,0
30,0
41,0
57,0
149,0
19,0
90,0
128,0
56,0
38,0
142,0
44,0
48,0
23,0
102,0
79,0
84,0
36,0
20,0
96,0
128,0
128,0
100,0
119,0
24,0
20,0
90,0
119,0
29,0
33,0
111,0
130,0
145,0
43,0
26,0
130,0
142,0
81,0
16,0
102,0
44,0
57,0
133,0
58,0
39,0
139,0
17,0
123,0
21,0
28,0
112,0
13,0
74,0
150,0
115,0
153,0
12,0
56,0
34,0
135,0
103,0
24,0
5,0
118,0
4,0
32,0
133,0
5,0
141,0
137,0
73,0
61,0
86,0
68,0
85,0
104,0
73,0
28,0
86,0
122,0
12,0
68,0
72,0
93,0
46,0
3,0
46,0
47,0
70,0
43,0
138,0
2,0
126,0
103,0
124,0
18,0
44,0
47,0
139,0
76,0
130,0
99,0
37,0
49,0
112,0
117,0
47,0
140,0
52,0
131,0
78,0
45,0
84,0
46,0
9,0
135,0
118,0
2,0
130,0
49,0
11,0
123,0
34,0
112,0
57,0
46,0
57,0
150,0
5,0
80,0
132,0
138,0
92,0
39,0
133,0
33,0
92,0
5,0
88,0
37,0
145,0
18,0
20,0
33,0
40,0
140,0
63,0
23,0
12,0
142,0
126,0
124,0
124,0
121,0
31,0
0,0
13,0
50,0
12,0
56,0
104,0
72,0
57,0
63,0
118,0
120,0
128,0
30,0
110,0
132,0
80,0
34,0
78,0
72,0
14,0
0,0
22,0
104,0
47,0
142,0
71,0
128,0
33,0
121,0
131,0
123,0
71,0
110,0
48,0
67,0
73,0
84,0
72,0
56,0
48,0
33,0
98,0
126,0
48,0
153,0
6,0
29,0
31,0
61,0
113,0
1,0
5,0
128,0
133,0
99,0
139,0
31,0
45,0
29,0
49,0
2,0
136,0
88,0
140,0
73,0
60,0
53,0
47,0
132,0
23,0
115,0
4,0
0,0
1,0
141,0
62,0
70,0
46,0
50,0
23,0
57,0
128,0
141,0
114,0
69,0
60,0
118,0
92,0
68,0
111,0
64,0
30,0
146,0
46,0
59,0
126,0
128,0
35,0
47,0
31,0
47,0
102,0
47,0
0,0
11,0
127,0
128,0
66,0
55,0
5,0
22,0
23,0
124,0
142,0
136,0
7,0
8,0
54,0
142,0
36,0
143,0
136,0
144,0
128,0
110,0
129,0
60,0
5,0
93,0
137,0
150,0
54,0
44,0
99,0
8,0
11,0
57,0
124,0
13,0
129,0
82,0
101,0
127,0
108,0
45,0
67,0
149,0
39,0
49,0
46,0
110,0
41,0
149,0
129,0
141,0
100,0
16,0
47,0
133,0
22,0
21,0
150,0
36,0
121,0
133,0
5,0
56,0
1,0
0,0
58,0
47,0
9,0
113,0
39,0
44,0
107,0
71,0
18,0
59,0
65,0
96,0
47,0
110,0
72,0
51,0
35,0
3,0
6,0
122,0
40,0
46,0
114,0
72,0
97,0
31,0
4,0
115,0
54,0
85,0
86,0
130,0
129,0
99,0
144,0
56,0
97,0
8,0
61,0
1,0
44,0
69,0
108,0
128,0
38,0
112,0
15,0
62,0
133,0
103,0
27,0
39,0
106,0
113,0
30,0
127,0
23,0
40,0
127,0
133,0
29,0
127,0
60,0
150,0
150,0
104,0
90,0
29,0
132,0
142,0
133,0
137,0
30,0
44,0
96,0
34,0
71,0
101,0
130,0
139,0
23,0
36,0
58,0
97,0
93,0
120,0
135,0
29,0
60,0
117,0
144,0
132,0
0,0
140,0
124,0
78,0
117,0
103,0
149,0
67,0
107,0
20,0
47,0
128,0
84,0
138,0
129,0
117,0
41,0
75,0
108,0
114,0
8,0
117,0
123,0
107,0
8,0
53,0
140,0
148,0
54,0
122,0
21,0
112,0
70,0
110,0
129,0
47,0
28,0
111,0
20,0
74,0
32,0
94,0
29,0
85,0
115,0
32,0
93,0
62,0
49,0
139,0
101,0
136,0
138,0
135,0
48,0
116,0
34,0
9,0
81,0
127,0
93,0
49,0
123,0
90,0
47,0
47,0
142,0
133,0
72,0
150,0
2,0
62,0
128,0
114,0
76,0
110,0
58,0
118,0
75,0
133,0
126,0
57,0
117,0
150,0
83,0
77,0
42,0
43,0
4,0
29,0
132,0
39,0
133,0
133,0
30,0
133,0
67,0
99,0
45,0
121,0
98,0
36,0
18,0
120,0
25,0
150,0
31,0
28,0
145,0
23,0
47,0
0,0
126,0
12,0
127,0
50,0
145,0
110,0
128,0
8,0
144,0
98,0
103,0
15,0
103,0
10,0
99,0
128,0
34,0
85,0
106,0
121,0
108,0
65,0
3,0
135,0
13,0
13,0
39,0
59,0
137,0
62,0
12,0
15,0
133,0
71,0
46,0
87,0
6,0
9,0
85,0
69,0
134,0
142,0
47,0
32,0
115,0
137,0
43,0
124,0
19,0
50,0
130,0
68,0
72,0
21,0
75,0
100,0
117,0
140,0
134,0
124,0
51,0
25,0
16,0
22,0
133,0
41,0
120,0
69,0
19,0
60,0
149,0
64,0
46,0
124,0
149,0
131,0
5,0
41,0
115,0
109,0
103,0
97,0
15,0
57,0
11,0
92,0
131,0
149,0
75,0
40,0
62,0
42,0
41,0
66,0
87,0
29,0
99,0
88,0
136,0
126,0
47,0
73,0
47,0
128,0
118,0
133,0
108,0
90,0
51,0
130,0
69,0
19,0
142,0
128,0
5,0
47,0
131,0
114,0
51,0
72,0
11,0
104,0
54,0
87,0
21,0
129,0
111,0
142,0
89,0
56,0
78,0
150,0
23,0
150,0
127,0
47,0
106,0
37,0
6,0
129,0
111,0
11,0
130,0
123,0
133,0
56,0
95,0
62,0
50,0
124,0
54,0
97,0
5,0
121,0
79,0
18,0
49,0
30,0
25,0
95,0
136,0
101,0
35,0
36,0
36,0
71,0
104,0
66,0
48,0
128,0
46,0
15,0
106,0
85,0
51,0
16,0
65,0
12,0
149,0
47,0
33,0
24,0
122,0
72,0
127,0
92,0
12,0
150,0
131,0
108,0
107,0
125,0
106,0
135,0
140,0
74,0
149,0
127,0
