114,0
86,0
29,0
43,0
76,0
120,0
29,0
136,0
123,0
128,0
131,0
47,0
130,0
35,0
90,0
64,0
110,0
134,0
57,0
138,0
43,0
33,0
1,0
47,0
17,0
108,0
18,0
57,0
77,0
92,0
49,0
4,0
90,0
113,0
47,0
106,0
116,0
79,0
0,0
145,0
45,0
17,0
34,0
83,0
128,0
57,0
133,0
14,0
144,0
13,0
100,0
114,0
30,0
18,0
96,0
45,0
134,0
63,0
23,0
120,0
149,0
90,0
42,0
69,0
111,0
23,0
29,0
53,0
33,0
17,0
83,0
25,0
36,0
24,0
148,0
27,0
28,0
76,0
60,0
106,0
128,0
25,0
52,0
55,0
140,0
58,0
4,0
5,0
7,0
75,0
100,0
22,0
47,0
140,0
44,0
114,0
11,0
95,0
124,0
32,0
24,0
80,0
65,0
56,0
19,0
128,0
33,0
106,0
137,0
32,0
21,0
123,0
7,0
118,0
99,0
25,0
33,0
1,0
86,0
31,0
113,0
92,0
57,0
58,0
61,0
72,0
50,0
59,0
36,0
25,0
87,0
48,0
32,0
69,0
17,0
130,0
25,0
29,0
119,0
36,0
81,0
1,0
58,0
7,0
18,0
125,0
128,0
109,0
56,0
140,0
20,0
120,0
2,0
97,0
21,0
73,0
4,0
95,0
148,0
62,0
90,0
146,0
25,0
70,0
49,0
148,0
38,0
123,0
14,0
33,0
123,0
82,0
9,0
103,0
37,0
25,0
140,0
104,0
24,0
120,0
142,0
89,0
111,0
87,0
69,0
7,0
96,0
70,0
26,0
13,0
33,0
43,0
82,0
127,0
142,0
102,0
89,0
17,0
109,0
3,0
19,0
13,0
67,0
22,0
100,0
41,0
120,0
29,0
22,0
54,0
14,0
60,0
63,0
17,0
84,0
8,0
1,0
12,0
68,0
38,0
8,0
67,0
101,0
1,0
132,0
127,0
88,0
120,0
20,0
49,0
32,0
87,0
21,0
101,0
127,0
128,0
105,0
68,0
144,0
89,0
47,0
66,0
24,0
114,0
107,0
68,0
100,0
140,0
131,0
33,0
19,0
47,0
81,0
45,0
12,0
6,0
13,0
33,0
57,0
130,0
44,0
25,0
65,0
42,0
44,0
32,0
117,0
144,0
40,0
10,0
116,0
69,0
31,0
141,0
16,0
77,0
23,0
30,0
45,0
73,0
50,0
154,0
132,0
128,0
25,0
110,0
16,0
29,0
3,0
98,0
33,0
49,0
41,0
65,0
101,0
150,0
134,0
0,0
69,0
26,0
116,0
134,0
75,0
72,0
70,0
96,0
4,0
106,0
81,0
117,0
33,0
101,0
3,0
89,0
139,0
51,0
85,0
24,0
83,0
27,0
2,0
54,0
93,0
52,0
88,0
27,0
17,0
123,0
62,0
85,0
104,0
95,0
118,0
108,0
14,0
88,0
42,0
84,0
89,0
20,0
30,0
30,0
77,0
130,0
36,0
112,0
4,0
61,0
100,0
63,0
6,0
19,0
112,0
24,0
68,0
7,0
126,0
141,0
47,0
110,0
30,0
58,0
18,0
46,0
71,0
45,0
10,0
124,0
2,0
64,0
45,0
5,0
59,0
96,0
15,0
80,0
142,0
34,0
7,0
147,0
50,0
13,0
143,0
142,0
23,0
96,0
111,0
125,0
1,0
57,0
57,0
78,0
110,0
84,0
96,0
50,0
60,0
42,0
148,0
33,0
72,0
128,0
19,0
5,0
17,0
33,0
46,0
86,0
0,0
124,0
131,0
22,0
153,0
25,0
4,0
47,0
63,0
144,0
130,0
80,0
30,0
83,0
11,0
151,0
45,0
111,0
47,0
21,0
96,0
38,0
3,0
50,0
33,0
102,0
99,0
14,0
34,0
70,0
13,0
68,0
11,0
25,0
109,0
56,0
83,0
97,0
127,0
130,0
132,0
53,0
69,0
33,0
133,0
153,0
7,0
6,0
68,0
80,0
46,0
123,0
137,0
124,0
33,0
52,0
41,0
15,0
149,0
20,0
61,0
30,0
133,0
48,0
32,0
97,0
47,0
122,0
23,0
6,0
57,0
36,0
55,0
1,0
41,0
33,0
33,0
137,0
70,0
30,0
148,0
4,0
57,0
5,0
105,0
16,0
139,0
146,0
59,0
117,0
143,0
58,0
109,0
53,0
127,0
30,0
21,0
97,0
25,0
4,0
33,0
105,0
142,0
140,0
145,0
11,0
120,0
53,0
95,0
129,0
14,0
111,0
127,0
151,0
32,0
9,0
67,0
130,0
39,0
67,0
31,0
66,0
108,0
21,0
26,0
36,0
63,0
67,0
18,0
25,0
7,0
24,0
17,0
124,0
20,0
71,0
134,0
81,0
14,0
119,0
120,0
42,0
33,0
31,0
55,0
23,0
105,0
97,0
124,0
134,0
144,0
13,0
59,0
83,0
5,0
30,0
143,0
69,0
54,0
79,0
70,0
44,0
74,0
82,0
2,0
69,0
97,0
33,0
33,0
52,0
29,0
138,0
29,0
42,0
29,0
64,0
83,0
14,0
75,0
25,0
124,0
13,0
21,0
103,0
33,0
90,0
80,0
12,0
47,0
65,0
23,0
58,0
121,0
59,0
129,0
1,0
128,0
4,0
29,0
99,0
117,0
126,0
59,0
39,0
54,0
23,0
9,0
25,0
29,0
141,0
47,0
16,0
35,0
113,0
69,0
26,0
28,0
32,0
130,0
50,0
85,0
66,0
53,0
48,0
128,0
57,0
48,0
6,0
121,0
78,0
67,0
1,0
55,0
33,0
128,0
78,0
96,0
85,0
47,0
117,0
26,0
23,0
116,0
71,0
102,0
25,0
43,0
124,0
79,0
149,0
87,0
63,0
125,0
33,0
52,0
29,0
116,0
123,0
141,0
125,0
33,0
32,0
153,0
128,0
18,0
89,0
45,0
7,0
136,0
120,0
105,0
47,0
4,0
72,0
36,0
52,0
64,0
23,0
127,0
6,0
72,0
12,0
117,0
33,0
142,0
33,0
39,0
65,0
86,0
106,0
6,0
150,0
47,0
6,0
36,0
7,0
79,0
93,0
47,0
8,0
49,0
33,0
111,0
78,0
32,0
14,0
6,0
143,0
120,0
68,0
14,0
51,0
65,0
100,0
114,0
59,0
29,0
127,0
20,0
6,0
125,0
0,0
26,0
30,0
22,0
64,0
46,0
10,0
100,0
142,0
33,0
144,0
67,0
20,0
95,0
45,0
31,0
154,0
149,0
125,0
37,0
33,0
10,0
21,0
117,0
111,0
121,0
93,0
134,0
53,0
123,0
98,0
12,0
96,0
91,0
47,0
29,0
3,0
45,0
144,0
32,0
122,0
33,0
33,0
41,0
7,0
134,0
41,0
98,0
113,0
116,0
56,0
52,0
96,0
7,0
149,0
8,0
133,0
24,0
91,0
0,0
143,0
31,0
100,0
23,0
55,0
50,0
73,0
46,0
50,0
63,0
139,0
117,0
25,0
3,0
57,0
54,0
96,0
7,0
104,0
55,0
50,0
33,0
105,0
0,0
111,0
13,0
148,0
21,0
92,0
53,0
96,0
33,0
53,0
58,0
136,0
89,0
134,0
21,0
29,0
150,0
23,0
29,0
78,0
81,0
29,0
106,0
12,0
100,0
8,0
8,0
8,0
131,0
33,0
64,0
80,0
93,0
74,0
11,0
116,0
62,0
33,0
65,0
53,0
82,0
25,0
111,0
6,0
111,0
111,0
142,0
5,0
139,0
33,0
126,0
72,0
112,0
93,0
18,0
56,0
125,0
87,0
33,0
67,0
125,0
89,0
26,0
153,0
33,0
21,0
60,0
31,0
18,0
37,0
63,0
69,0
127,0
142,0
96,0
67,0
128,0
29,0
110,0
55,0
1,0
132,0
68,0
11,0
48,0
33,0
34,0
0,0
72,0
27,0
35,0
127,0
57,0
33,0
28,0
93,0
83,0
115,0
0,0
151,0
69,0
73,0
26,0
75,0
107,0
125,0
43,0
20,0
101,0
137,0
90,0
54,0
114,0
79,0
60,0
109,0
2,0
29,0
146,0
47,0
24,0
99,0
32,0
149,0
88,0
33,0
64,0
84,0
107,0
67,0
11,0
93,0
34,0
76,0
115,0
21,0
55,0
118,0
131,0
53,0
73,0
21,0
81,0
144,0
150,0
79,0
153,0
100,0
142,0
93,0
52,0
69,0
31,0
52,0
57,0
83,0
79,0
12,0
39,0
104,0
69,0
108,0
146,0
76,0
105,0
113,0
39,0
97,0
119,0
142,0
115,0
106,0
41,0
75,0
70,0
14,0
128,0
61,0
146,0
60,0
35,0
72,0
110,0
117,0
46,0
99,0
128,0
111,0
105,0
57,0
74,0
32,0
16,0
69,0
133,0
143,0
56,0
76,0
115,0
74,0
61,0
29,0
148,0
29,0
130,0
153,0
34,0
128,0
93,0
74,0
29,0
54,0
23,0
121,0
21,0
131,0
143,0
28,0
7,0
90,0
47,0
142,0
33,0
53,0
79,0
36,0
38,0
39,0
41,0
76,0
17,0
33,0
33,0
67,0
119,0
147,0
88,0
27,0
29,0
100,0
105,0
103,0
113,0
8,0
17,0
29,0
5,0
142,0
33,0
105,0
26,0
0,0
29,0
33,0
117,0
139,0
64,0
128,0
130,0
128,0
58,0
68,0
33,0
55,0
110,0
57,0
141,0
105,0
39,0
128,0
79,0
21,0
13,0
24,0
15,0
68,0
31,0
125,0
115,0
110,0
24,0
83,0
17,0
24,0
26,0
25,0
91,0
58,0
27,0
142,0
52,0
50,0
117,0
72,0
14,0
47,0
146,0
131,0
141,0
42,0
109,0
140,0
66,0
6,0
78,0
126,0
89,0
21,0
89,0
120,0
103,0
62,0
5,0
66,0
33,0
58,0
31,0
71,0
111,0
72,0
153,0
83,0
58,0
56,0
85,0
138,0
50,0
22,0
120,0
53,0
90,0
33,0
119,0
133,0
142,0
59,0
59,0
29,0
90,0
16,0
140,0
128,0
33,0
112,0
123,0
18,0
94,0
97,0
148,0
33,0
107,0
119,0
96,0
33,0
3,0
143,0
38,0
118,0
146,0
23,0
134,0
18,0
82,0
66,0
92,0
68,0
28,0
124,0
124,0
130,0
35,0
54,0
147,0
143,0
89,0
69,0
139,0
62,0
4,0
134,0
105,0
50,0
139,0
110,0
16,0
25,0
26,0
48,0
29,0
2,0
19,0
54,0
61,0
134,0
96,0
78,0
14,0
24,0
88,0
55,0
14,0
15,0
94,0
71,0
67,0
3,0
14,0
49,0
24,0
123,0
18,0
24,0
130,0
105,0
58,0
33,0
3,0
17,0
16,0
129,0
37,0
119,0
6,0
8,0
78,0
106,0
30,0
137,0
23,0
33,0
33,0
108,0
7,0
95,0
91,0
2,0
25,0
69,0
47,0
42,0
93,0
51,0
142,0
33,0
71,0
90,0
11,0
64,0
141,0
76,0
112,0
139,0
68,0
49,0
112,0
78,0
146,0
33,0
8,0
61,0
41,0
149,0
149,0
102,0
34,0
39,0
99,0
11,0
21,0
23,0
2,0
47,0
96,0
131,0
97,0
66,0
39,0
54,0
10,0
69,0
46,0
112,0
136,0
88,0
145,0
92,0
41,0
81,0
112,0
119,0
82,0
6,0
33,0
89,0
16,0
99,0
15,0
123,0
8,0
77,0
74,0
16,0
111,0
32,0
140,0
85,0
33,0
149,0
150,0
124,0
47,0
99,0
18,0
23,0
138,0
52,0
93,0
127,0
128,0
114,0
43,0
17,0
79,0
114,0
117,0
128,0
31,0
29,0
24,0
7,0
29,0
106,0
7,0
29,0
33,0
128,0
32,0
18,0
129,0
69,0
66,0
89,0
6,0
25,0
118,0
31,0
130,0
79,0
125,0
4,0
55,0
29,0
42,0
77,0
75,0
97,0
60,0
49,0
82,0
116,0
33,0
25,0
12,0
47,0
49,0
141,0
25,0
49,0
30,0
101,0
77,0
112,0
34,0
23,0
134,0
31,0
72,0
33,0
118,0
130,0
17,0
21,0
134,0
29,0
58,0
134,0
20,0
132,0
35,0
13,0
103,0
81,0
118,0
9,0
123,0
100,0
3,0
30,0
127,0
90,0
130,0
69,0
50,0
18,0
94,0
38,0
47,0
55,0
128,0
86,0
27,0
74,0
51,0
39,0
15,0
29,0
110,0
41,0
13,0
94,0
132,0
68,0
124,0
142,0
114,0
123,0
49,0
88,0
153,0
6,0
3,0
29,0
33,0
115,0
14,0
4,0
26,0
145,0
117,0
33,0
146,0
47,0
47,0
133,0
96,0
39,0
2,0
56,0
19,0
135,0
143,0
6,0
118,0
25,0
134,0
54,0
81,0
145,0
95,0
32,0
7,0
128,0
5,0
31,0
27,0
36,0
107,0
142,0
59,0
81,0
99,0
39,0
33,0
72,0
33,0
75,0
45,0
71,0
19,0
115,0
31,0
141,0
27,0
149,0
85,0
6,0
33,0
38,0
48,0
49,0
79,0
22,0
92,0
91,0
33,0
137,0
134,0
102,0
134,0
142,0
10,0
139,0
152,0
112,0
109,0
103,0
137,0
57,0
96,0
38,0
11,0
46,0
47,0
105,0
21,0
42,0
52,0
94,0
150,0
81,0
145,0
101,0
100,0
12,0
14,0
142,0
12,0
79,0
104,0
21,0
13,0
125,0
82,0
13,0
32,0
69,0
50,0
109,0
117,0
48,0
144,0
44,0
147,0
21,0
14,0
145,0
76,0
73,0
148,0
45,0
7,0
47,0
23,0
128,0
102,0
81,0
48,0
108,0
78,0
118,0
129,0
60,0
56,0
66,0
138,0
57,0
102,0
77,0
27,0
54,0
108,0
25,0
24,0
4,0
85,0
88,0
102,0
120,0
109,0
125,0
92,0
42,0
17,0
28,0
28,0
115,0
120,0
53,0
80,0
28,0
140,0
33,0
33,0
48,0
106,0
128,0
36,0
50,0
63,0
127,0
95,0
30,0
47,0
144,0
96,0
19,0
94,0
33,0
37,0
106,0
60,0
28,0
89,0
33,0
47,0
84,0
36,0
38,0
17,0
108,0
72,0
57,0
119,0
98,0
114,0
23,0
130,0
31,0
142,0
95,0
23,0
23,0
103,0
29,0
45,0
55,0
100,0
52,0
22,0
34,0
61,0
99,0
38,0
96,0
127,0
70,0
73,0
73,0
145,0
124,0
6,0
116,0
60,0
3,0
150,0
124,0
113,0
21,0
29,0
100,0
97,0
107,0
107,0
101,0
91,0
25,0
103,0
134,0
23,0
14,0
20,0
84,0
13,0
96,0
15,0
116,0
5,0
123,0
11,0
27,0
31,0
99,0
36,0
65,0
59,0
90,0
108,0
127,0
131,0
71,0
128,0
127,0
76,0
140,0
69,0
146,0
118,0
85,0
12,0
66,0
33,0
111,0
60,0
9,0
26,0
118,0
44,0
143,0
99,0
0,0
93,0
129,0
101,0
46,0
25,0
120,0
18,0
14,0
31,0
123,0
11,0
116,0
79,0
50,0
86,0
136,0
56,0
11,0
43,0
13,0
0,0
90,0
146,0
33,0
47,0
139,0
79,0
41,0
95,0
7,0
25,0
44,0
5,0
146,0
96,0
144,0
6,0
13,0
101,0
111,0
128,0
60,0
14,0
143,0
4,0
138,0
98,0
25,0
96,0
14,0
50,0
100,0
36,0
70,0
6,0
87,0
7,0
139,0
149,0
43,0
19,0
55,0
131,0
128,0
116,0
128,0
2,0
18,0
123,0
76,0
66,0
56,0
33,0
5,0
120,0
102,0
102,0
29,0
6,0
33,0
148,0
115,0
137,0
55,0
50,0
35,0
8,0
95,0
95,0
39,0
4,0
32,0
30,0
45,0
93,0
120,0
75,0
25,0
50,0
105,0
59,0
85,0
128,0
33,0
6,0
134,0
6,0
25,0
125,0
39,0
3,0
33,0
127,0
67,0
48,0
137,0
14,0
71,0
89,0
142,0
134,0
94,0
50,0
36,0
51,0
56,0
81,0
75,0
68,0
14,0
141,0
80,0
134,0
70,0
17,0
43,0
143,0
145,0
1,0
134,0
6,0
64,0
71,0
86,0
112,0
51,0
0,0
18,0
48,0
72,0
128,0
33,0
15,0
115,0
16,0
16,0
49,0
25,0
13,0
88,0
29,0
33,0
1,0
72,0
7,0
51,0
151,0
27,0
45,0
109,0
142,0
26,0
150,0
30,0
85,0
137,0
72,0
104,0
97,0
105,0
65,0
92,0
111,0
75,0
12,0
33,0
26,0
29,0
34,0
33,0
115,0
133,0
79,0
21,0
36,0
55,0
23,0
78,0
30,0
95,0
29,0
52,0
96,0
33,0
85,0
25,0
85,0
120,0
80,0
10,0
39,0
114,0
6,0
29,0
44,0
119,0
83,0
18,0
47,0
33,0
21,0
101,0
153,0
7,0
81,0
110,0
128,0
62,0
96,0
47,0
146,0
61,0
16,0
118,0
57,0
116,0
105,0
21,0
120,0
24,0
18,0
80,0
105,0
91,0
29,0
29,0
11,0
96,0
17,0
47,0
57,0
19,0
21,0
123,0
45,0
95,0
79,0
143,0
84,0
105,0
18,0
61,0
115,0
100,0
44,0
33,0
25,0
72,0
25,0
110,0
150,0
137,0
60,0
71,0
117,0
29,0
45,0
93,0
125,0
112,0
14,0
28,0
60,0
23,0
31,0
92,0
71,0
30,0
123,0
91,0
15,0
29,0
96,0
0,0
118,0
130,0
102,0
122,0
153,0
39,0
6,0
29,0
21,0
46,0
68,0
39,0
77,0
108,0
67,0
29,0
114,0
46,0
57,0
2,0
7,0
30,0
129,0
16,0
26,0
0,0
26,0
33,0
145,0
4,0
24,0
33,0
88,0
117,0
91,0
89,0
68,0
96,0
91,0
124,0
7,0
137,0
128,0
97,0
119,0
102,0
100,0
106,0
134,0
47,0
26,0
47,0
33,0
73,0
89,0
148,0
67,0
90,0
128,0
111,0
117,0
61,0
47,0
39,0
36,0
21,0
104,0
109,0
75,0
80,0
32,0
23,0
8,0
33,0
148,0
109,0
111,0
111,0
17,0
26,0
49,0
77,0
70,0
146,0
31,0
53,0
58,0
39,0
37,0
115,0
30,0
7,0
104,0
115,0
57,0
93,0
128,0
22,0
12,0
127,0
57,0
35,0
130,0
64,0
7,0
79,0
12,0
126,0
122,0
96,0
105,0
20,0
56,0
76,0
31,0
105,0
4,0
111,0
48,0
78,0
72,0
45,0
12,0
53,0
0,0
126,0
26,0
45,0
101,0
14,0
145,0
135,0
104,0
1,0
33,0
22,0
54,0
130,0
113,0
76,0
120,0
27,0
14,0
68,0
7,0
121,0
102,0
95,0
69,0
29,0
16,0
36,0
21,0
143,0
36,0
95,0
137,0
58,0
98,0
143,0
29,0
122,0
87,0
78,0
105,0
109,0
104,0
132,0
123,0
3,0
123,0
119,0
101,0
11,0
102,0
12,0
1,0
29,0
137,0
100,0
12,0
44,0
44,0
99,0
87,0
117,0
39,0
23,0
29,0
33,0
28,0
70,0
130,0
117,0
133,0
101,0
130,0
125,0
117,0
153,0
123,0
71,0
47,0
8,0
14,0
78,0
29,0
127,0
58,0
129,0
120,0
89,0
145,0
116,0
45,0
95,0
11,0
52,0
3,0
97,0
20,0
111,0
33,0
3,0
3,0
142,0
106,0
12,0
25,0
4,0
24,0
15,0
100,0
98,0
64,0
132,0
9,0
30,0
3,0
120,0
25,0
113,0
61,0
55,0
3,0
61,0
99,0
27,0
125,0
55,0
49,0
128,0
127,0
136,0
23,0
40,0
72,0
23,0
33,0
65,0
135,0
6,0
58,0
45,0
117,0
54,0
119,0
151,0
34,0
23,0
57,0
121,0
67,0
95,0
142,0
130,0
110,0
106,0
111,0
86,0
47,0
124,0
3,0
36,0
128,0
95,0
89,0
68,0
2,0
0,0
120,0
89,0
29,0
33,0
131,0
110,0
47,0
127,0
103,0
27,0
0,0
27,0
66,0
68,0
81,0
68,0
118,0
97,0
153,0
55,0
56,0
143,0
32,0
24,0
59,0
98,0
134,0
153,0
121,0
76,0
150,0
119,0
6,0
109,0
17,0
100,0
52,0
128,0
23,0
9,0
28,0
97,0
29,0
92,0
128,0
9,0
106,0
134,0
133,0
12,0
134,0
6,0
46,0
103,0
116,0
126,0
124,0
114,0
83,0
85,0
52,0
116,0
28,0
125,0
136,0
25,0
151,0
107,0
92,0
2,0
114,0
21,0
150,0
39,0
49,0
139,0
52,0
128,0
20,0
33,0
29,0
128,0
118,0
62,0
20,0
61,0
143,0
131,0
101,0
83,0
120,0
79,0
36,0
149,0
102,0
21,0
106,0
55,0
56,0
29,0
150,0
33,0
111,0
117,0
115,0
31,0
116,0
0,0
33,0
134,0
17,0
58,0
74,0
81,0
50,0
55,0
26,0
91,0
47,0
142,0
97,0
64,0
65,0
67,0
106,0
76,0
150,0
18,0
93,0
21,0
109,0
92,0
30,0
57,0
133,0
48,0
23,0
89,0
23,0
46,0
148,0
82,0
115,0
12,0
57,0
42,0
37,0
53,0
79,0
16,0
82,0
32,0
128,0
20,0
8,0
45,0
82,0
6,0
6,0
71,0
145,0
99,0
33,0
21,0
53,0
100,0
3,0
96,0
76,0
80,0
123,0
46,0
42,0
115,0
18,0
120,0
31,0
11,0
5,0
47,0
132,0
84,0
81,0
111,0
141,0
29,0
99,0
47,0
39,0
29,0
99,0
122,0
68,0
73,0
27,0
90,0
33,0
71,0
133,0
40,0
2,0
9,0
150,0
30,0
124,0
19,0
57,0
50,0
113,0
45,0
29,0
51,0
127,0
39,0
48,0
97,0
135,0
150,0
81,0
64,0
138,0
20,0
87,0
49,0
38,0
17,0
56,0
1,0
60,0
59,0
134,0
37,0
153,0
140,0
86,0
131,0
65,0
54,0
75,0
102,0
110,0
25,0
62,0
15,0
33,0
1,0
33,0
97,0
124,0
33,0
2,0
35,0
153,0
29,0
14,0
35,0
94,0
14,0
33,0
23,0
106,0
119,0
146,0
47,0
130,0
18,0
53,0
145,0
14,0
117,0
48,0
25,0
11,0
46,0
21,0
75,0
111,0
125,0
89,0
20,0
49,0
97,0
39,0
44,0
96,0
40,0
6,0
6,0
25,0
1,0
101,0
17,0
53,0
130,0
14,0
3,0
91,0
132,0
33,0
50,0
92,0
116,0
1,0
82,0
23,0
29,0
78,0
78,0
34,0
48,0
50,0
144,0
33,0
92,0
82,0
21,0
124,0
94,0
14,0
133,0
129,0
41,0
111,0
4,0
37,0
17,0
23,0
128,0
114,0
65,0
128,0
23,0
31,0
61,0
33,0
12,0
129,0
134,0
129,0
33,0
75,0
1,0
33,0
24,0
10,0
116,0
130,0
28,0
6,0
6,0
68,0
65,0
134,0
6,0
25,0
77,0
134,0
77,0
50,0
105,0
73,0
2,0
16,0
28,0
85,0
101,0
92,0
63,0
32,0
33,0
67,0
33,0
29,0
124,0
117,0
32,0
10,0
102,0
109,0
115,0
21,0
148,0
97,0
130,0
70,0
47,0
111,0
105,0
70,0
124,0
47,0
123,0
131,0
47,0
141,0
7,0
31,0
138,0
35,0
96,0
52,0
12,0
79,0
61,0
120,0
107,0
6,0
153,0
128,0
41,0
48,0
60,0
54,0
116,0
32,0
69,0
51,0
123,0
51,0
26,0
71,0
8,0
52,0
118,0
128,0
63,0
14,0
5,0
102,0
25,0
29,0
145,0
43,0
86,0
93,0
17,0
57,0
24,0
46,0
9,0
33,0
25,0
48,0
28,0
47,0
116,0
6,0
46,0
14,0
11,0
128,0
69,0
114,0
150,0
78,0
29,0
68,0
68,0
144,0
131,0
45,0
33,0
105,0
18,0
88,0
52,0
46,0
134,0
95,0
25,0
25,0
29,0
117,0
120,0
65,0
130,0
11,0
118,0
113,0
128,0
142,0
33,0
38,0
148,0
14,0
82,0
80,0
12,0
93,0
26,0
41,0
76,0
33,0
130,0
33,0
37,0
47,0
97,0
24,0
131,0
21,0
55,0
128,0
134,0
23,0
97,0
68,0
77,0
17,0
105,0
137,0
7,0
134,0
57,0
33,0
32,0
9,0
33,0
123,0
57,0
33,0
39,0
12,0
62,0
117,0
151,0
96,0
41,0
96,0
79,0
23,0
112,0
32,0
11,0
154,0
93,0
135,0
30,0
121,0
71,0
37,0
42,0
62,0
6,0
70,0
99,0
94,0
20,0
41,0
20,0
110,0
146,0
21,0
116,0
21,0
137,0
44,0
127,0
33,0
13,0
33,0
144,0
33,0
134,0
143,0
60,0
61,0
73,0
25,0
47,0
7,0
93,0
30,0
65,0
130,0
11,0
123,0
23,0
6,0
111,0
140,0
46,0
79,0
109,0
28,0
6,0
97,0
4,0
89,0
13,0
50,0
13,0
143,0
5,0
107,0
0,0
144,0
11,0
28,0
7,0
130,0
138,0
12,0
114,0
82,0
55,0
8,0
44,0
17,0
43,0
17,0
49,0
95,0
7,0
117,0
79,0
28,0
33,0
84,0
44,0
112,0
12,0
13,0
43,0
113,0
6,0
55,0
72,0
33,0
149,0
54,0
111,0
126,0
29,0
123,0
57,0
87,0
52,0
10,0
30,0
121,0
58,0
142,0
133,0
58,0
24,0
111,0
65,0
53,0
110,0
57,0
24,0
5,0
57,0
68,0
123,0
3,0
89,0
106,0
34,0
53,0
29,0
150,0
95,0
7,0
6,0
121,0
86,0
3,0
141,0
119,0
78,0
54,0
150,0
10,0
33,0
78,0
26,0
70,0
53,0
131,0
118,0
7,0
42,0
148,0
25,0
43,0
76,0
37,0
103,0
131,0
125,0
14,0
25,0
33,0
124,0
78,0
58,0
61,0
9,0
137,0
16,0
113,0
125,0
13,0
128,0
122,0
118,0
100,0
111,0
134,0
8,0
52,0
139,0
3,0
14,0
33,0
37,0
96,0
145,0
25,0
52,0
43,0
40,0
66,0
117,0
56,0
44,0
142,0
118,0
54,0
6,0
83,0
121,0
33,0
68,0
100,0
41,0
108,0
115,0
57,0
21,0
28,0
6,0
55,0
113,0
77,0
130,0
101,0
142,0
32,0
32,0
120,0
123,0
36,0
82,0
144,0
90,0
96,0
43,0
104,0
42,0
0,0
32,0
33,0
133,0
132,0
129,0
33,0
68,0
33,0
120,0
100,0
77,0
21,0
16,0
29,0
96,0
12,0
66,0
15,0
66,0
131,0
50,0
33,0
18,0
61,0
16,0
46,0
24,0
98,0
26,0
76,0
72,0
25,0
128,0
58,0
4,0
50,0
109,0
29,0
149,0
30,0
69,0
49,0
63,0
6,0
33,0
33,0
79,0
6,0
72,0
59,0
69,0
125,0
107,0
55,0
108,0
71,0
33,0
6,0
128,0
107,0
6,0
134,0
21,0
24,0
96,0
89,0
90,0
28,0
109,0
95,0
134,0
96,0
27,0
32,0
150,0
81,0
21,0
31,0
107,0
132,0
69,0
5,0
33,0
11,0
33,0
38,0
14,0
65,0
50,0
34,0
104,0
24,0
144,0
125,0
123,0
25,0
8,0
98,0
11,0
26,0
131,0
72,0
111,0
150,0
116,0
85,0
79,0
114,0
111,0
57,0
108,0
32,0
99,0
6,0
71,0
1,0
115,0
107,0
19,0
24,0
75,0
148,0
105,0
127,0
17,0
16,0
115,0
17,0
134,0
47,0
80,0
52,0
32,0
12,0
29,0
135,0
57,0
29,0
110,0
48,0
127,0
59,0
23,0
38,0
29,0
148,0
74,0
69,0
129,0
130,0
5,0
39,0
133,0
42,0
46,0
2,0
89,0
24,0
133,0
134,0
125,0
20,0
45,0
47,0
78,0
142,0
112,0
6,0
20,0
134,0
79,0
37,0
142,0
46,0
151,0
128,0
29,0
107,0
57,0
120,0
30,0
42,0
103,0
26,0
79,0
15,0
65,0
135,0
33,0
88,0
151,0
57,0
58,0
7,0
61,0
6,0
67,0
142,0
14,0
47,0
65,0
153,0
103,0
140,0
28,0
75,0
84,0
0,0
33,0
47,0
154,0
33,0
69,0
12,0
48,0
67,0
9,0
37,0
29,0
33,0
23,0
8,0
103,0
25,0
33,0
51,0
149,0
103,0
117,0
125,0
133,0
131,0
127,0
23,0
79,0
148,0
78,0
148,0
118,0
153,0
109,0
88,0
66,0
42,0
72,0
23,0
44,0
8,0
137,0
33,0
127,0
87,0
0,0
130,0
46,0
107,0
86,0
47,0
24,0
50,0
101,0
131,0
33,0
108,0
106,0
90,0
33,0
130,0
53,0
98,0
100,0
68,0
128,0
18,0
144,0
135,0
93,0
0,0
14,0
6,0
92,0
94,0
29,0
40,0
97,0
19,0
59,0
95,0
69,0
136,0
33,0
53,0
33,0
72,0
29,0
146,0
0,0
88,0
57,0
81,0
12,0
23,0
130,0
69,0
56,0
57,0
30,0
68,0
28,0
9,0
149,0
100,0
114,0
47,0
71,0
57,0
99,0
83,0
89,0
56,0
6,0
69,0
23,0
78,0
139,0
89,0
126,0
72,0
64,0
143,0
119,0
25,0
93,0
131,0
132,0
127,0
47,0
138,0
46,0
65,0
131,0
103,0
119,0
76,0
117,0
131,0
33,0
33,0
140,0
98,0
70,0
48,0
31,0
25,0
68,0
29,0
50,0
142,0
12,0
44,0
43,0
0,0
110,0
131,0
21,0
49,0
63,0
41,0
120,0
125,0
105,0
143,0
97,0
111,0
74,0
39,0
110,0
130,0
80,0
47,0
0,0
112,0
111,0
71,0
125,0
81,0
130,0
141,0
149,0
50,0
128,0
129,0
81,0
151,0
68,0
79,0
112,0
42,0
6,0
75,0
33,0
29,0
92,0
19,0
118,0
98,0
41,0
21,0
3,0
79,0
60,0
144,0
143,0
111,0
150,0
88,0
140,0
71,0
85,0
47,0
2,0
84,0
75,0
10,0
96,0
49,0
55,0
33,0
127,0
69,0
145,0
37,0
58,0
91,0
128,0
143,0
95,0
35,0
79,0
9,0
127,0
59,0
94,0
8,0
31,0
32,0
57,0
7,0
59,0
73,0
23,0
97,0
7,0
149,0
143,0
64,0
16,0
131,0
128,0
152,0
14,0
142,0
67,0
12,0
62,0
33,0
92,0
144,0
62,0
13,0
2,0
33,0
153,0
35,0
46,0
12,0
51,0
62,0
138,0
132,0
146,0
32,0
52,0
76,0
33,0
133,0
101,0
90,0
127,0
149,0
53,0
125,0
68,0
6,0
6,0
77,0
17,0
6,0
145,0
91,0
52,0
92,0
40,0
41,0
120,0
116,0
76,0
129,0
134,0
12,0
23,0
20,0
100,0
30,0
43,0
33,0
17,0
2,0
79,0
6,0
23,0
41,0
150,0
44,0
72,0
54,0
102,0
96,0
84,0
32,0
64,0
96,0
150,0
128,0
100,0
113,0
36,0
61,0
79,0
119,0
122,0
28,0
111,0
130,0
29,0
41,0
26,0
89,0
125,0
81,0
16,0
102,0
44,0
57,0
93,0
58,0
56,0
150,0
17,0
12,0
21,0
33,0
107,0
13,0
74,0
29,0
26,0
44,0
118,0
56,0
15,0
83,0
138,0
0,0
99,0
72,0
50,0
125,0
96,0
64,0
25,0
126,0
47,0
61,0
86,0
62,0
85,0
11,0
73,0
25,0
146,0
137,0
140,0
67,0
17,0
87,0
11,0
21,0
128,0
33,0
67,0
43,0
63,0
70,0
68,0
109,0
122,0
37,0
1,0
33,0
110,0
74,0
130,0
127,0
37,0
150,0
112,0
117,0
69,0
149,0
54,0
87,0
78,0
67,0
85,0
6,0
9,0
135,0
118,0
2,0
148,0
49,0
11,0
60,0
34,0
47,0
57,0
127,0
153,0
68,0
57,0
80,0
132,0
119,0
92,0
37,0
148,0
50,0
92,0
17,0
88,0
13,0
56,0
127,0
57,0
128,0
24,0
17,0
63,0
23,0
12,0
137,0
126,0
124,0
49,0
5,0
31,0
31,0
12,0
29,0
36,0
57,0
104,0
100,0
57,0
3,0
118,0
120,0
128,0
30,0
110,0
132,0
83,0
35,0
130,0
32,0
14,0
0,0
123,0
114,0
25,0
142,0
71,0
6,0
57,0
53,0
131,0
20,0
65,0
110,0
10,0
67,0
99,0
84,0
72,0
56,0
28,0
27,0
98,0
128,0
28,0
69,0
29,0
29,0
31,0
51,0
113,0
11,0
29,0
128,0
33,0
99,0
13,0
31,0
36,0
4,0
52,0
37,0
123,0
88,0
43,0
73,0
49,0
71,0
33,0
78,0
14,0
17,0
49,0
0,0
1,0
6,0
45,0
67,0
124,0
65,0
23,0
47,0
46,0
50,0
110,0
6,0
60,0
36,0
92,0
68,0
111,0
64,0
25,0
148,0
127,0
59,0
126,0
50,0
35,0
33,0
37,0
143,0
47,0
33,0
0,0
11,0
46,0
128,0
15,0
55,0
5,0
23,0
23,0
151,0
47,0
136,0
7,0
8,0
138,0
128,0
125,0
143,0
136,0
145,0
25,0
59,0
0,0
64,0
128,0
79,0
4,0
23,0
11,0
44,0
73,0
8,0
49,0
57,0
124,0
14,0
19,0
75,0
101,0
11,0
43,0
41,0
68,0
32,0
67,0
50,0
128,0
110,0
41,0
102,0
2,0
141,0
104,0
140,0
47,0
133,0
20,0
21,0
150,0
36,0
3,0
33,0
127,0
56,0
1,0
12,0
58,0
33,0
14,0
113,0
39,0
44,0
107,0
65,0
28,0
66,0
65,0
96,0
6,0
110,0
69,0
44,0
145,0
3,0
68,0
122,0
39,0
127,0
114,0
61,0
97,0
64,0
54,0
115,0
54,0
93,0
81,0
130,0
0,0
99,0
144,0
56,0
97,0
28,0
61,0
25,0
44,0
18,0
108,0
52,0
38,0
116,0
15,0
47,0
96,0
22,0
9,0
117,0
106,0
113,0
30,0
6,0
23,0
24,0
127,0
33,0
29,0
45,0
56,0
96,0
113,0
104,0
90,0
47,0
132,0
111,0
33,0
137,0
47,0
44,0
134,0
15,0
110,0
101,0
130,0
23,0
23,0
32,0
58,0
97,0
134,0
117,0
83,0
29,0
60,0
116,0
144,0
74,0
0,0
59,0
128,0
78,0
37,0
101,0
51,0
67,0
107,0
66,0
33,0
142,0
85,0
20,0
26,0
117,0
41,0
134,0
30,0
114,0
25,0
121,0
128,0
107,0
154,0
151,0
16,0
89,0
1,0
6,0
68,0
112,0
37,0
110,0
119,0
33,0
10,0
110,0
20,0
76,0
109,0
89,0
23,0
77,0
115,0
100,0
79,0
103,0
52,0
139,0
57,0
111,0
138,0
135,0
55,0
29,0
44,0
9,0
81,0
127,0
93,0
49,0
127,0
84,0
33,0
47,0
71,0
96,0
109,0
150,0
2,0
68,0
128,0
12,0
76,0
107,0
58,0
41,0
60,0
33,0
123,0
57,0
117,0
152,0
83,0
78,0
42,0
72,0
29,0
29,0
132,0
39,0
33,0
133,0
20,0
96,0
18,0
33,0
125,0
121,0
98,0
54,0
111,0
55,0
25,0
36,0
41,0
153,0
29,0
23,0
102,0
137,0
126,0
12,0
106,0
50,0
35,0
18,0
111,0
25,0
144,0
98,0
103,0
29,0
64,0
8,0
104,0
128,0
41,0
89,0
106,0
71,0
45,0
29,0
3,0
81,0
18,0
13,0
124,0
117,0
11,0
62,0
29,0
144,0
69,0
142,0
143,0
78,0
128,0
9,0
95,0
33,0
134,0
142,0
47,0
45,0
115,0
137,0
38,0
51,0
31,0
71,0
78,0
69,0
72,0
21,0
94,0
56,0
117,0
70,0
134,0
124,0
71,0
25,0
16,0
22,0
33,0
6,0
120,0
45,0
1,0
60,0
129,0
21,0
25,0
120,0
17,0
89,0
5,0
64,0
116,0
56,0
103,0
84,0
144,0
57,0
11,0
92,0
76,0
112,0
133,0
0,0
36,0
99,0
68,0
7,0
75,0
29,0
99,0
81,0
137,0
150,0
47,0
111,0
56,0
20,0
118,0
133,0
64,0
89,0
51,0
130,0
69,0
37,0
29,0
46,0
2,0
33,0
134,0
101,0
50,0
43,0
12,0
150,0
54,0
78,0
52,0
55,0
33,0
128,0
89,0
21,0
130,0
40,0
43,0
150,0
6,0
33,0
99,0
29,0
6,0
125,0
101,0
144,0
146,0
12,0
33,0
56,0
130,0
62,0
51,0
11,0
106,0
97,0
32,0
121,0
79,0
18,0
38,0
30,0
10,0
146,0
71,0
101,0
35,0
44,0
141,0
71,0
57,0
61,0
48,0
25,0
6,0
15,0
101,0
95,0
124,0
16,0
65,0
109,0
11,0
33,0
33,0
24,0
125,0
72,0
6,0
92,0
11,0
17,0
95,0
103,0
107,0
72,0
106,0
89,0
149,0
87,0
120,0
127,0
